org_id remap_id
1 0
2 1
3 2
4 3
5 4
6 5
7 6
8 7
9 8
10 9
11 10
12 11
13 12
14 13
15 14
16 15
17 16
18 17
19 18
20 19
21 20
22 21
23 22
24 23
25 24
26 25
27 26
28 27
29 28
30 29
31 30
32 31
34 32
35 33
36 34
38 35
39 36
40 37
41 38
42 39
43 40
44 41
45 42
46 43
47 44
48 45
49 46
50 47
52 48
54 49
55 50
57 51
58 52
60 53
61 54
62 55
63 56
64 57
65 58
66 59
68 60
69 61
70 62
71 63
72 64
73 65
74 66
75 67
76 68
77 69
78 70
79 71
80 72
81 73
82 74
83 75
84 76
85 77
86 78
87 79
88 80
89 81
92 82
93 83
94 84
95 85
96 86
97 87
99 88
100 89
101 90
102 91
103 92
104 93
105 94
106 95
107 96
110 97
111 98
112 99
113 100
114 101
116 102
117 103
118 104
119 105
121 106
122 107
123 108
124 109
125 110
126 111
128 112
129 113
131 114
132 115
135 116
137 117
140 118
141 119
144 120
145 121
146 122
147 123
148 124
149 125
150 126
151 127
152 128
153 129
154 130
155 131
156 132
157 133
158 134
159 135
160 136
161 137
162 138
163 139
164 140
165 141
166 142
168 143
169 144
170 145
171 146
172 147
173 148
174 149
175 150
176 151
177 152
178 153
179 154
180 155
181 156
182 157
183 158
184 159
185 160
186 161
187 162
188 163
189 164
190 165
191 166
193 167
194 168
195 169
196 170
197 171
198 172
199 173
200 174
201 175
202 176
203 177
204 178
205 179
206 180
207 181
208 182
209 183
210 184
211 185
212 186
213 187
214 188
215 189
216 190
217 191
218 192
219 193
220 194
222 195
223 196
224 197
225 198
227 199
228 200
229 201
230 202
231 203
232 204
233 205
234 206
235 207
236 208
237 209
238 210
239 211
240 212
241 213
242 214
243 215
244 216
245 217
246 218
247 219
248 220
249 221
250 222
251 223
252 224
253 225
254 226
255 227
256 228
257 229
258 230
259 231
260 232
261 233
262 234
263 235
265 236
266 237
267 238
268 239
269 240
270 241
271 242
272 243
273 244
274 245
275 246
276 247
277 248
278 249
279 250
280 251
281 252
282 253
283 254
287 255
288 256
289 257
290 258
291 259
292 260
293 261
294 262
295 263
296 264
297 265
298 266
299 267
300 268
301 269
302 270
303 271
304 272
305 273
306 274
307 275
308 276
309 277
312 278
313 279
314 280
315 281
316 282
317 283
318 284
319 285
320 286
321 287
322 288
324 289
325 290
326 291
327 292
328 293
329 294
330 295
331 296
332 297
333 298
334 299
335 300
336 301
337 302
338 303
339 304
340 305
341 306
342 307
343 308
344 309
345 310
346 311
347 312
348 313
349 314
350 315
351 316
352 317
353 318
354 319
355 320
356 321
357 322
358 323
359 324
360 325
361 326
362 327
363 328
364 329
365 330
366 331
367 332
368 333
369 334
370 335
371 336
372 337
373 338
374 339
375 340
376 341
377 342
378 343
379 344
380 345
381 346
382 347
383 348
384 349
385 350
386 351
387 352
388 353
389 354
390 355
391 356
392 357
393 358
394 359
397 360
405 361
407 362
408 363
409 364
410 365
411 366
412 367
413 368
414 369
415 370
416 371
417 372
418 373
419 374
420 375
421 376
422 377
423 378
424 379
425 380
426 381
427 382
428 383
429 384
430 385
431 386
432 387
433 388
434 389
435 390
436 391
437 392
438 393
440 394
441 395
442 396
443 397
444 398
445 399
446 400
447 401
448 402
449 403
450 404
451 405
452 406
453 407
454 408
455 409
456 410
457 411
458 412
459 413
460 414
461 415
462 416
463 417
464 418
465 419
466 420
467 421
468 422
469 423
470 424
471 425
472 426
473 427
474 428
475 429
476 430
477 431
478 432
479 433
480 434
481 435
482 436
483 437
484 438
485 439
486 440
487 441
488 442
489 443
490 444
491 445
492 446
493 447
494 448
495 449
496 450
497 451
498 452
499 453
500 454
501 455
502 456
503 457
504 458
505 459
506 460
507 461
508 462
509 463
510 464
511 465
512 466
513 467
514 468
515 469
516 470
517 471
518 472
519 473
520 474
521 475
522 476
523 477
524 478
525 479
527 480
528 481
529 482
531 483
532 484
533 485
534 486
535 487
536 488
537 489
538 490
539 491
540 492
541 493
542 494
543 495
544 496
546 497
547 498
548 499
549 500
550 501
551 502
552 503
553 504
554 505
555 506
556 507
558 508
561 509
562 510
563 511
564 512
565 513
566 514
567 515
568 516
569 517
570 518
571 519
573 520
574 521
575 522
577 523
580 524
581 525
583 526
585 527
586 528
587 529
588 530
589 531
590 532
592 533
593 534
594 535
595 536
596 537
597 538
599 539
600 540
602 541
603 542
605 543
606 544
608 545
609 546
610 547
611 548
612 549
613 550
615 551
616 552
617 553
619 554
621 555
626 556
627 557
628 558
631 559
632 560
633 561
635 562
637 563
638 564
639 565
640 566
645 567
647 568
648 569
649 570
650 571
653 572
656 573
659 574
661 575
662 576
663 577
665 578
667 579
668 580
669 581
670 582
671 583
673 584
674 585
678 586
680 587
681 588
685 589
688 590
691 591
692 592
694 593
695 594
697 595
700 596
702 597
703 598
704 599
705 600
707 601
708 602
709 603
710 604
711 605
714 606
715 607
716 608
718 609
719 610
720 611
722 612
724 613
725 614
728 615
731 616
733 617
735 618
736 619
737 620
741 621
742 622
743 623
745 624
746 625
747 626
748 627
750 628
751 629
753 630
754 631
759 632
760 633
761 634
762 635
764 636
765 637
766 638
767 639
769 640
771 641
778 642
779 643
780 644
781 645
782 646
783 647
784 648
785 649
786 650
788 651
793 652
798 653
799 654
800 655
801 656
802 657
803 658
804 659
805 660
806 661
807 662
808 663
809 664
810 665
813 666
818 667
824 668
828 669
829 670
830 671
831 672
832 673
833 674
835 675
836 676
837 677
838 678
839 679
840 680
841 681
842 682
846 683
848 684
849 685
850 686
851 687
852 688
858 689
860 690
861 691
862 692
863 693
864 694
866 695
867 696
869 697
870 698
875 699
876 700
877 701
879 702
880 703
881 704
882 705
885 706
886 707
888 708
891 709
892 710
893 711
896 712
897 713
898 714
899 715
900 716
901 717
902 718
903 719
904 720
905 721
906 722
907 723
908 724
909 725
910 726
911 727
912 728
913 729
914 730
915 731
916 732
917 733
918 734
919 735
920 736
921 737
922 738
923 739
924 740
925 741
926 742
927 743
928 744
929 745
930 746
931 747
932 748
933 749
934 750
935 751
936 752
937 753
938 754
939 755
940 756
941 757
942 758
943 759
944 760
945 761
946 762
947 763
948 764
949 765
950 766
951 767
952 768
953 769
954 770
955 771
956 772
957 773
958 774
959 775
960 776
961 777
962 778
963 779
964 780
965 781
967 782
968 783
969 784
970 785
971 786
973 787
974 788
976 789
978 790
982 791
984 792
986 793
987 794
988 795
990 796
991 797
992 798
994 799
996 800
997 801
998 802
999 803
1000 804
1003 805
1004 806
1005 807
1006 808
1007 809
1008 810
1009 811
1010 812
1011 813
1012 814
1013 815
1014 816
1015 817
1016 818
1017 819
1018 820
1019 821
1020 822
1021 823
1022 824
1023 825
1024 826
1025 827
1027 828
1028 829
1029 830
1030 831
1031 832
1032 833
1033 834
1034 835
1035 836
1036 837
1037 838
1038 839
1041 840
1042 841
1043 842
1044 843
1046 844
1047 845
1049 846
1050 847
1051 848
1053 849
1054 850
1055 851
1056 852
1057 853
1058 854
1059 855
1060 856
1061 857
1063 858
1064 859
1066 860
1067 861
1068 862
1069 863
1073 864
1076 865
1077 866
1078 867
1079 868
1080 869
1081 870
1082 871
1083 872
1084 873
1085 874
1086 875
1087 876
1088 877
1089 878
1090 879
1091 880
1092 881
1093 882
1094 883
1095 884
1096 885
1097 886
1099 887
1100 888
1101 889
1103 890
1104 891
1105 892
1111 893
1112 894
1113 895
1114 896
1116 897
1117 898
1119 899
1120 900
1121 901
1123 902
1124 903
1125 904
1126 905
1127 906
1128 907
1129 908
1130 909
1131 910
1132 911
1135 912
1136 913
1144 914
1147 915
1148 916
1150 917
1151 918
1152 919
1153 920
1154 921
1161 922
1162 923
1163 924
1167 925
1168 926
1169 927
1170 928
1171 929
1172 930
1173 931
1175 932
1176 933
1177 934
1178 935
1179 936
1180 937
1181 938
1183 939
1184 940
1185 941
1186 942
1187 943
1188 944
1189 945
1190 946
1191 947
1192 948
1193 949
1194 950
1196 951
1197 952
1198 953
1199 954
1200 955
1201 956
1202 957
1203 958
1204 959
1205 960
1206 961
1207 962
1208 963
1209 964
1210 965
1211 966
1212 967
1213 968
1214 969
1215 970
1216 971
1217 972
1218 973
1219 974
1220 975
1221 976
1222 977
1223 978
1224 979
1225 980
1226 981
1227 982
1228 983
1230 984
1231 985
1232 986
1233 987
1234 988
1235 989
1236 990
1237 991
1238 992
1240 993
1241 994
1242 995
1243 996
1244 997
1245 998
1246 999
1247 1000
1248 1001
1249 1002
1250 1003
1251 1004
1252 1005
1253 1006
1254 1007
1255 1008
1256 1009
1257 1010
1258 1011
1259 1012
1260 1013
1261 1014
1262 1015
1263 1016
1264 1017
1265 1018
1266 1019
1267 1020
1268 1021
1269 1022
1270 1023
1271 1024
1272 1025
1273 1026
1274 1027
1275 1028
1276 1029
1277 1030
1278 1031
1279 1032
1280 1033
1281 1034
1282 1035
1283 1036
1284 1037
1285 1038
1286 1039
1287 1040
1288 1041
1289 1042
1290 1043
1291 1044
1292 1045
1293 1046
1294 1047
1295 1048
1296 1049
1297 1050
1298 1051
1299 1052
1300 1053
1301 1054
1302 1055
1303 1056
1304 1057
1305 1058
1306 1059
1307 1060
1310 1061
1312 1062
1313 1063
1317 1064
1320 1065
1321 1066
1322 1067
1323 1068
1324 1069
1325 1070
1326 1071
1327 1072
1328 1073
1329 1074
1330 1075
1331 1076
1332 1077
1333 1078
1334 1079
1335 1080
1336 1081
1337 1082
1339 1083
1340 1084
1341 1085
1342 1086
1343 1087
1344 1088
1345 1089
1346 1090
1347 1091
1348 1092
1349 1093
1350 1094
1351 1095
1352 1096
1353 1097
1354 1098
1355 1099
1356 1100
1357 1101
1358 1102
1359 1103
1361 1104
1362 1105
1363 1106
1365 1107
1366 1108
1367 1109
1370 1110
1371 1111
1372 1112
1373 1113
1374 1114
1375 1115
1376 1116
1377 1117
1378 1118
1379 1119
1380 1120
1381 1121
1382 1122
1383 1123
1385 1124
1387 1125
1388 1126
1389 1127
1390 1128
1391 1129
1392 1130
1393 1131
1394 1132
1395 1133
1396 1134
1397 1135
1398 1136
1399 1137
1401 1138
1404 1139
1405 1140
1406 1141
1407 1142
1408 1143
1409 1144
1410 1145
1411 1146
1412 1147
1413 1148
1414 1149
1415 1150
1416 1151
1417 1152
1419 1153
1421 1154
1422 1155
1423 1156
1425 1157
1426 1158
1427 1159
1428 1160
1429 1161
1431 1162
1432 1163
1437 1164
1438 1165
1439 1166
1440 1167
1441 1168
1442 1169
1445 1170
1446 1171
1447 1172
1449 1173
1450 1174
1453 1175
1454 1176
1455 1177
1456 1178
1457 1179
1458 1180
1459 1181
1460 1182
1461 1183
1463 1184
1464 1185
1465 1186
1466 1187
1468 1188
1472 1189
1473 1190
1474 1191
1475 1192
1476 1193
1477 1194
1479 1195
1480 1196
1482 1197
1483 1198
1484 1199
1485 1200
1487 1201
1488 1202
1489 1203
1490 1204
1493 1205
1494 1206
1495 1207
1496 1208
1497 1209
1498 1210
1499 1211
1500 1212
1501 1213
1502 1214
1503 1215
1504 1216
1507 1217
1508 1218
1509 1219
1511 1220
1513 1221
1515 1222
1516 1223
1517 1224
1518 1225
1520 1226
1523 1227
1525 1228
1526 1229
1527 1230
1529 1231
1531 1232
1533 1233
1535 1234
1537 1235
1539 1236
1541 1237
1542 1238
1544 1239
1545 1240
1546 1241
1547 1242
1549 1243
1550 1244
1551 1245
1552 1246
1554 1247
1556 1248
1562 1249
1563 1250
1564 1251
1565 1252
1566 1253
1569 1254
1570 1255
1571 1256
1572 1257
1573 1258
1574 1259
1575 1260
1580 1261
1581 1262
1582 1263
1583 1264
1584 1265
1585 1266
1586 1267
1587 1268
1588 1269
1589 1270
1590 1271
1591 1272
1592 1273
1593 1274
1594 1275
1595 1276
1596 1277
1597 1278
1598 1279
1599 1280
1600 1281
1601 1282
1602 1283
1603 1284
1604 1285
1605 1286
1606 1287
1608 1288
1609 1289
1610 1290
1611 1291
1612 1292
1613 1293
1614 1294
1615 1295
1616 1296
1617 1297
1619 1298
1620 1299
1621 1300
1623 1301
1624 1302
1625 1303
1626 1304
1627 1305
1629 1306
1631 1307
1632 1308
1633 1309
1635 1310
1639 1311
1640 1312
1641 1313
1642 1314
1643 1315
1644 1316
1645 1317
1646 1318
1647 1319
1648 1320
1649 1321
1650 1322
1651 1323
1653 1324
1654 1325
1655 1326
1656 1327
1657 1328
1658 1329
1660 1330
1661 1331
1662 1332
1663 1333
1665 1334
1666 1335
1667 1336
1668 1337
1669 1338
1670 1339
1671 1340
1672 1341
1673 1342
1674 1343
1675 1344
1676 1345
1677 1346
1678 1347
1679 1348
1680 1349
1681 1350
1682 1351
1683 1352
1684 1353
1686 1354
1687 1355
1688 1356
1689 1357
1690 1358
1692 1359
1693 1360
1694 1361
1695 1362
1696 1363
1699 1364
1701 1365
1702 1366
1703 1367
1704 1368
1707 1369
1711 1370
1713 1371
1715 1372
1717 1373
1719 1374
1721 1375
1722 1376
1725 1377
1726 1378
1727 1379
1728 1380
1729 1381
1730 1382
1731 1383
1732 1384
1733 1385
1734 1386
1735 1387
1739 1388
1743 1389
1744 1390
1746 1391
1747 1392
1748 1393
1749 1394
1750 1395
1752 1396
1753 1397
1754 1398
1755 1399
1756 1400
1758 1401
1759 1402
1760 1403
1762 1404
1767 1405
1769 1406
1770 1407
1771 1408
1772 1409
1777 1410
1779 1411
1783 1412
1784 1413
1785 1414
1788 1415
1791 1416
1792 1417
1793 1418
1794 1419
1797 1420
1798 1421
1799 1422
1801 1423
1804 1424
1805 1425
1806 1426
1807 1427
1809 1428
1810 1429
1811 1430
1812 1431
1814 1432
1816 1433
1817 1434
1821 1435
1822 1436
1824 1437
1825 1438
1826 1439
1827 1440
1829 1441
1831 1442
1833 1443
1834 1444
1835 1445
1836 1446
1837 1447
1839 1448
1840 1449
1841 1450
1844 1451
1845 1452
1846 1453
1848 1454
1850 1455
1853 1456
1854 1457
1855 1458
1856 1459
1857 1460
1858 1461
1859 1462
1860 1463
1862 1464
1863 1465
1864 1466
1865 1467
1866 1468
1867 1469
1869 1470
1870 1471
1872 1472
1873 1473
1874 1474
1875 1475
1876 1476
1878 1477
1879 1478
1880 1479
1881 1480
1882 1481
1883 1482
1884 1483
1885 1484
1887 1485
1888 1486
1889 1487
1892 1488
1893 1489
1894 1490
1895 1491
1896 1492
1897 1493
1898 1494
1899 1495
1900 1496
1902 1497
1904 1498
1906 1499
1907 1500
1909 1501
1910 1502
1911 1503
1912 1504
1913 1505
1914 1506
1916 1507
1917 1508
1918 1509
1919 1510
1920 1511
1921 1512
1922 1513
1923 1514
1924 1515
1925 1516
1926 1517
1927 1518
1928 1519
1929 1520
1931 1521
1932 1522
1933 1523
1934 1524
1935 1525
1936 1526
1937 1527
1938 1528
1939 1529
1940 1530
1941 1531
1942 1532
1943 1533
1944 1534
1945 1535
1946 1536
1947 1537
1948 1538
1949 1539
1950 1540
1951 1541
1952 1542
1953 1543
1954 1544
1955 1545
1956 1546
1957 1547
1958 1548
1959 1549
1960 1550
1961 1551
1962 1552
1963 1553
1964 1554
1965 1555
1966 1556
1967 1557
1968 1558
1969 1559
1970 1560
1971 1561
1972 1562
1973 1563
1974 1564
1975 1565
1976 1566
1977 1567
1978 1568
1979 1569
1980 1570
1981 1571
1982 1572
1983 1573
1984 1574
1985 1575
1986 1576
1987 1577
1988 1578
1989 1579
1990 1580
1991 1581
1992 1582
1993 1583
1994 1584
1995 1585
1996 1586
1997 1587
1998 1588
1999 1589
2000 1590
2001 1591
2002 1592
2003 1593
2004 1594
2005 1595
2006 1596
2007 1597
2008 1598
2009 1599
2010 1600
2011 1601
2012 1602
2013 1603
2014 1604
2015 1605
2016 1606
2017 1607
2018 1608
2019 1609
2020 1610
2021 1611
2022 1612
2023 1613
2024 1614
2025 1615
2026 1616
2027 1617
2028 1618
2029 1619
2031 1620
2032 1621
2033 1622
2034 1623
2035 1624
2036 1625
2037 1626
2038 1627
2040 1628
2041 1629
2042 1630
2043 1631
2044 1632
2045 1633
2046 1634
2047 1635
2048 1636
2049 1637
2050 1638
2051 1639
2052 1640
2053 1641
2054 1642
2055 1643
2056 1644
2057 1645
2058 1646
2059 1647
2060 1648
2062 1649
2064 1650
2065 1651
2066 1652
2067 1653
2068 1654
2069 1655
2070 1656
2071 1657
2072 1658
2073 1659
2074 1660
2075 1661
2076 1662
2077 1663
2078 1664
2079 1665
2080 1666
2081 1667
2082 1668
2083 1669
2084 1670
2085 1671
2086 1672
2087 1673
2088 1674
2089 1675
2090 1676
2091 1677
2092 1678
2093 1679
2094 1680
2095 1681
2096 1682
2097 1683
2098 1684
2099 1685
2100 1686
2101 1687
2102 1688
2103 1689
2104 1690
2105 1691
2106 1692
2107 1693
2108 1694
2109 1695
2110 1696
2111 1697
2112 1698
2113 1699
2114 1700
2115 1701
2116 1702
2117 1703
2118 1704
2119 1705
2120 1706
2121 1707
2122 1708
2123 1709
2124 1710
2125 1711
2126 1712
2128 1713
2130 1714
2131 1715
2132 1716
2133 1717
2134 1718
2135 1719
2136 1720
2137 1721
2138 1722
2139 1723
2140 1724
2141 1725
2142 1726
2143 1727
2144 1728
2145 1729
2146 1730
2147 1731
2148 1732
2149 1733
2150 1734
2151 1735
2152 1736
2153 1737
2154 1738
2155 1739
2157 1740
2158 1741
2159 1742
2160 1743
2161 1744
2162 1745
2163 1746
2164 1747
2165 1748
2166 1749
2167 1750
2168 1751
2169 1752
2170 1753
2171 1754
2173 1755
2174 1756
2175 1757
2176 1758
2177 1759
2178 1760
2179 1761
2180 1762
2181 1763
2182 1764
2183 1765
2184 1766
2185 1767
2186 1768
2187 1769
2188 1770
2189 1771
2190 1772
2191 1773
2193 1774
2194 1775
2195 1776
2196 1777
2197 1778
2201 1779
2202 1780
2203 1781
2204 1782
2205 1783
2206 1784
2208 1785
2209 1786
2210 1787
2211 1788
2212 1789
2215 1790
2219 1791
2221 1792
2227 1793
2231 1794
2232 1795
2236 1796
2237 1797
2238 1798
2239 1799
2240 1800
2241 1801
2243 1802
2245 1803
2246 1804
2247 1805
2248 1806
2249 1807
2250 1808
2252 1809
2253 1810
2255 1811
2256 1812
2257 1813
2259 1814
2260 1815
2261 1816
2262 1817
2263 1818
2264 1819
2265 1820
2266 1821
2267 1822
2268 1823
2269 1824
2271 1825
2272 1826
2273 1827
2275 1828
2276 1829
2278 1830
2279 1831
2280 1832
2281 1833
2282 1834
2283 1835
2284 1836
2285 1837
2286 1838
2287 1839
2288 1840
2289 1841
2290 1842
2291 1843
2292 1844
2293 1845
2294 1846
2295 1847
2296 1848
2297 1849
2298 1850
2300 1851
2301 1852
2302 1853
2303 1854
2305 1855
2306 1856
2307 1857
2310 1858
2311 1859
2312 1860
2313 1861
2314 1862
2315 1863
2316 1864
2318 1865
2320 1866
2321 1867
2322 1868
2323 1869
2324 1870
2325 1871
2326 1872
2327 1873
2328 1874
2329 1875
2330 1876
2331 1877
2333 1878
2334 1879
2335 1880
2336 1881
2337 1882
2338 1883
2339 1884
2340 1885
2341 1886
2342 1887
2344 1888
2345 1889
2346 1890
2347 1891
2348 1892
2349 1893
2350 1894
2351 1895
2352 1896
2353 1897
2354 1898
2355 1899
2356 1900
2357 1901
2359 1902
2360 1903
2361 1904
2362 1905
2363 1906
2364 1907
2365 1908
2366 1909
2367 1910
2368 1911
2369 1912
2370 1913
2371 1914
2372 1915
2373 1916
2374 1917
2375 1918
2376 1919
2377 1920
2378 1921
2379 1922
2380 1923
2381 1924
2382 1925
2383 1926
2384 1927
2385 1928
2386 1929
2387 1930
2388 1931
2389 1932
2390 1933
2391 1934
2392 1935
2393 1936
2394 1937
2395 1938
2396 1939
2397 1940
2398 1941
2399 1942
2400 1943
2401 1944
2402 1945
2403 1946
2404 1947
2405 1948
2406 1949
2407 1950
2408 1951
2409 1952
2410 1953
2411 1954
2412 1955
2413 1956
2414 1957
2415 1958
2416 1959
2417 1960
2418 1961
2419 1962
2420 1963
2421 1964
2422 1965
2423 1966
2424 1967
2425 1968
2426 1969
2427 1970
2428 1971
2429 1972
2430 1973
2431 1974
2432 1975
2433 1976
2434 1977
2435 1978
2436 1979
2437 1980
2439 1981
2440 1982
2441 1983
2442 1984
2443 1985
2445 1986
2446 1987
2447 1988
2448 1989
2449 1990
2450 1991
2451 1992
2452 1993
2453 1994
2454 1995
2455 1996
2456 1997
2457 1998
2458 1999
2459 2000
2460 2001
2461 2002
2462 2003
2463 2004
2465 2005
2466 2006
2467 2007
2468 2008
2469 2009
2470 2010
2471 2011
2472 2012
2473 2013
2474 2014
2475 2015
2476 2016
2477 2017
2478 2018
2479 2019
2481 2020
2482 2021
2483 2022
2485 2023
2488 2024
2490 2025
2491 2026
2492 2027
2493 2028
2494 2029
2495 2030
2496 2031
2497 2032
2498 2033
2499 2034
2500 2035
2501 2036
2502 2037
2504 2038
2505 2039
2506 2040
2507 2041
2509 2042
2511 2043
2512 2044
2513 2045
2514 2046
2515 2047
2516 2048
2517 2049
2518 2050
2519 2051
2520 2052
2521 2053
2522 2054
2523 2055
2524 2056
2525 2057
2526 2058
2527 2059
2528 2060
2529 2061
2530 2062
2531 2063
2532 2064
2533 2065
2534 2066
2535 2067
2536 2068
2537 2069
2539 2070
2540 2071
2541 2072
2542 2073
2544 2074
2545 2075
2546 2076
2548 2077
2549 2078
2550 2079
2551 2080
2552 2081
2553 2082
2554 2083
2555 2084
2558 2085
2559 2086
2560 2087
2561 2088
2565 2089
2566 2090
2567 2091
2568 2092
2570 2093
2571 2094
2572 2095
2573 2096
2574 2097
2575 2098
2577 2099
2579 2100
2580 2101
2581 2102
2582 2103
2583 2104
2585 2105
2586 2106
2587 2107
2589 2108
2590 2109
2593 2110
2594 2111
2596 2112
2597 2113
2598 2114
2599 2115
2600 2116
2605 2117
2606 2118
2607 2119
2609 2120
2610 2121
2611 2122
2612 2123
2613 2124
2614 2125
2615 2126
2616 2127
2617 2128
2618 2129
2620 2130
2621 2131
2622 2132
2624 2133
2625 2134
2626 2135
2627 2136
2628 2137
2629 2138
2630 2139
2632 2140
2633 2141
2634 2142
2635 2143
2636 2144
2637 2145
2638 2146
2639 2147
2640 2148
2641 2149
2642 2150
2643 2151
2644 2152
2645 2153
2646 2154
2647 2155
2648 2156
2649 2157
2650 2158
2651 2159
2652 2160
2653 2161
2654 2162
2655 2163
2656 2164
2657 2165
2658 2166
2659 2167
2660 2168
2661 2169
2662 2170
2663 2171
2664 2172
2665 2173
2666 2174
2667 2175
2668 2176
2669 2177
2670 2178
2671 2179
2672 2180
2674 2181
2675 2182
2676 2183
2677 2184
2678 2185
2681 2186
2682 2187
2683 2188
2686 2189
2687 2190
2688 2191
2689 2192
2690 2193
2691 2194
2692 2195
2693 2196
2694 2197
2695 2198
2696 2199
2697 2200
2699 2201
2700 2202
2701 2203
2702 2204
2704 2205
2706 2206
2707 2207
2708 2208
2709 2209
2710 2210
2711 2211
2712 2212
2713 2213
2714 2214
2715 2215
2716 2216
2717 2217
2718 2218
2719 2219
2720 2220
2721 2221
2722 2222
2723 2223
2724 2224
2725 2225
2726 2226
2727 2227
2728 2228
2729 2229
2730 2230
2731 2231
2732 2232
2733 2233
2734 2234
2735 2235
2736 2236
2737 2237
2738 2238
2739 2239
2740 2240
2741 2241
2743 2242
2744 2243
2745 2244
2746 2245
2747 2246
2748 2247
2749 2248
2750 2249
2751 2250
2752 2251
2753 2252
2754 2253
2755 2254
2756 2255
2757 2256
2758 2257
2759 2258
2761 2259
2762 2260
2763 2261
2764 2262
2766 2263
2767 2264
2768 2265
2769 2266
2770 2267
2771 2268
2772 2269
2773 2270
2774 2271
2775 2272
2776 2273
2778 2274
2779 2275
2780 2276
2781 2277
2782 2278
2783 2279
2784 2280
2785 2281
2786 2282
2787 2283
2788 2284
2789 2285
2790 2286
2791 2287
2792 2288
2793 2289
2794 2290
2795 2291
2796 2292
2797 2293
2798 2294
2799 2295
2800 2296
2801 2297
2802 2298
2803 2299
2804 2300
2805 2301
2806 2302
2807 2303
2808 2304
2809 2305
2810 2306
2812 2307
2813 2308
2815 2309
2816 2310
2817 2311
2818 2312
2819 2313
2820 2314
2822 2315
2824 2316
2826 2317
2827 2318
2828 2319
2829 2320
2830 2321
2834 2322
2835 2323
2836 2324
2837 2325
2839 2326
2840 2327
2841 2328
2842 2329
2843 2330
2844 2331
2846 2332
2847 2333
2848 2334
2849 2335
2851 2336
2852 2337
2853 2338
2854 2339
2855 2340
2856 2341
2857 2342
2858 2343
2859 2344
2860 2345
2861 2346
2862 2347
2863 2348
2864 2349
2865 2350
2866 2351
2867 2352
2868 2353
2870 2354
2871 2355
2872 2356
2873 2357
2874 2358
2875 2359
2876 2360
2877 2361
2878 2362
2879 2363
2880 2364
2881 2365
2882 2366
2883 2367
2884 2368
2885 2369
2886 2370
2888 2371
2889 2372
2890 2373
2891 2374
2892 2375
2893 2376
2894 2377
2896 2378
2897 2379
2898 2380
2899 2381
2900 2382
2901 2383
2902 2384
2903 2385
2904 2386
2905 2387
2906 2388
2907 2389
2908 2390
2912 2391
2913 2392
2914 2393
2915 2394
2916 2395
2917 2396
2918 2397
2919 2398
2920 2399
2921 2400
2922 2401
2923 2402
2924 2403
2925 2404
2926 2405
2927 2406
2928 2407
2929 2408
2931 2409
2932 2410
2935 2411
2936 2412
2937 2413
2938 2414
2939 2415
2940 2416
2941 2417
2942 2418
2943 2419
2944 2420
2945 2421
2946 2422
2947 2423
2948 2424
2949 2425
2950 2426
2951 2427
2952 2428
2953 2429
2956 2430
2959 2431
2961 2432
2962 2433
2963 2434
2964 2435
2965 2436
2966 2437
2967 2438
2968 2439
2969 2440
2970 2441
2971 2442
2972 2443
2973 2444
2974 2445
2975 2446
2976 2447
2977 2448
2978 2449
2979 2450
2981 2451
2982 2452
2983 2453
2985 2454
2986 2455
2987 2456
2988 2457
2989 2458
2990 2459
2991 2460
2992 2461
2993 2462
2994 2463
2995 2464
2996 2465
2997 2466
2998 2467
3000 2468
3002 2469
3004 2470
3005 2471
3006 2472
3007 2473
3008 2474
3010 2475
3011 2476
3012 2477
3013 2478
3014 2479
3015 2480
3016 2481
3017 2482
3018 2483
3019 2484
3020 2485
3021 2486
3022 2487
3024 2488
3025 2489
3028 2490
3029 2491
3030 2492
3031 2493
3032 2494
3033 2495
3034 2496
3035 2497
3036 2498
3037 2499
3038 2500
3039 2501
3040 2502
3041 2503
3042 2504
3043 2505
3044 2506
3045 2507
3046 2508
3047 2509
3048 2510
3049 2511
3050 2512
3051 2513
3052 2514
3053 2515
3054 2516
3055 2517
3058 2518
3060 2519
3061 2520
3062 2521
3063 2522
3064 2523
3066 2524
3067 2525
3068 2526
3069 2527
3070 2528
3071 2529
3072 2530
3073 2531
3074 2532
3075 2533
3076 2534
3077 2535
3078 2536
3079 2537
3081 2538
3082 2539
3083 2540
3086 2541
3087 2542
3088 2543
3089 2544
3090 2545
3091 2546
3092 2547
3093 2548
3094 2549
3095 2550
3096 2551
3097 2552
3098 2553
3099 2554
3100 2555
3101 2556
3102 2557
3103 2558
3104 2559
3105 2560
3106 2561
3107 2562
3108 2563
3109 2564
3110 2565
3111 2566
3112 2567
3113 2568
3114 2569
3115 2570
3116 2571
3117 2572
3118 2573
3120 2574
3121 2575
3122 2576
3124 2577
3125 2578
3127 2579
3128 2580
3129 2581
3130 2582
3132 2583
3133 2584
3134 2585
3135 2586
3137 2587
3138 2588
3139 2589
3141 2590
3142 2591
3143 2592
3144 2593
3145 2594
3146 2595
3147 2596
3148 2597
3150 2598
3152 2599
3153 2600
3155 2601
3156 2602
3157 2603
3158 2604
3159 2605
3160 2606
3161 2607
3162 2608
3163 2609
3165 2610
3167 2611
3168 2612
3169 2613
3171 2614
3173 2615
3174 2616
3175 2617
3176 2618
3177 2619
3178 2620
3179 2621
3180 2622
3181 2623
3182 2624
3183 2625
3185 2626
3186 2627
3188 2628
3189 2629
3190 2630
3192 2631
3194 2632
3196 2633
3197 2634
3198 2635
3199 2636
3200 2637
3201 2638
3203 2639
3204 2640
3206 2641
3208 2642
3210 2643
3211 2644
3213 2645
3214 2646
3215 2647
3217 2648
3218 2649
3219 2650
3221 2651
3222 2652
3223 2653
3224 2654
3225 2655
3230 2656
3235 2657
3238 2658
3239 2659
3240 2660
3241 2661
3243 2662
3244 2663
3246 2664
3247 2665
3248 2666
3249 2667
3250 2668
3251 2669
3252 2670
3253 2671
3254 2672
3255 2673
3256 2674
3257 2675
3258 2676
3259 2677
3260 2678
3261 2679
3262 2680
3263 2681
3264 2682
3265 2683
3266 2684
3267 2685
3268 2686
3269 2687
3270 2688
3271 2689
3272 2690
3273 2691
3274 2692
3275 2693
3276 2694
3281 2695
3282 2696
3283 2697
3284 2698
3285 2699
3286 2700
3287 2701
3289 2702
3296 2703
3298 2704
3299 2705
3300 2706
3301 2707
3302 2708
3304 2709
3306 2710
3307 2711
3308 2712
3309 2713
3310 2714
3311 2715
3313 2716
3316 2717
3317 2718
3318 2719
3319 2720
3320 2721
3324 2722
3325 2723
3326 2724
3327 2725
3328 2726
3329 2727
3330 2728
3331 2729
3333 2730
3334 2731
3335 2732
3338 2733
3339 2734
3340 2735
3341 2736
3342 2737
3343 2738
3344 2739
3345 2740
3347 2741
3349 2742
3350 2743
3351 2744
3354 2745
3355 2746
3357 2747
3358 2748
3359 2749
3360 2750
3361 2751
3362 2752
3363 2753
3364 2754
3365 2755
3366 2756
3367 2757
3368 2758
3370 2759
3371 2760
3372 2761
3374 2762
3375 2763
3379 2764
3384 2765
3385 2766
3386 2767
3387 2768
3388 2769
3389 2770
3390 2771
3391 2772
3392 2773
3393 2774
3394 2775
3395 2776
3396 2777
3397 2778
3398 2779
3399 2780
3400 2781
3401 2782
3402 2783
3403 2784
3404 2785
3405 2786
3406 2787
3408 2788
3409 2789
3412 2790
3414 2791
3415 2792
3416 2793
3417 2794
3418 2795
3419 2796
3420 2797
3421 2798
3422 2799
3423 2800
3424 2801
3425 2802
3426 2803
3427 2804
3428 2805
3429 2806
3430 2807
3431 2808
3432 2809
3433 2810
3434 2811
3435 2812
3436 2813
3437 2814
3438 2815
3439 2816
3440 2817
3441 2818
3442 2819
3444 2820
3445 2821
3446 2822
3447 2823
3448 2824
3449 2825
3450 2826
3451 2827
3452 2828
3453 2829
3454 2830
3456 2831
3457 2832
3459 2833
3461 2834
3462 2835
3463 2836
3464 2837
3465 2838
3466 2839
3467 2840
3468 2841
3469 2842
3470 2843
3471 2844
3473 2845
3474 2846
3475 2847
3476 2848
3477 2849
3478 2850
3479 2851
3480 2852
3481 2853
3483 2854
3484 2855
3486 2856
3487 2857
3488 2858
3489 2859
3490 2860
3491 2861
3492 2862
3494 2863
3495 2864
3496 2865
3497 2866
3498 2867
3499 2868
3500 2869
3501 2870
3502 2871
3503 2872
3504 2873
3505 2874
3506 2875
3507 2876
3508 2877
3509 2878
3510 2879
3511 2880
3512 2881
3513 2882
3514 2883
3515 2884
3516 2885
3518 2886
3519 2887
3520 2888
3521 2889
3524 2890
3525 2891
3526 2892
3527 2893
3528 2894
3529 2895
3531 2896
3532 2897
3534 2898
3535 2899
3536 2900
3537 2901
3538 2902
3539 2903
3540 2904
3543 2905
3544 2906
3545 2907
3546 2908
3547 2909
3548 2910
3549 2911
3550 2912
3551 2913
3552 2914
3553 2915
3554 2916
3555 2917
3556 2918
3557 2919
3559 2920
3562 2921
3563 2922
3564 2923
3565 2924
3566 2925
3567 2926
3568 2927
3569 2928
3570 2929
3571 2930
3572 2931
3573 2932
3574 2933
3576 2934
3577 2935
3578 2936
3579 2937
3580 2938
3581 2939
3584 2940
3585 2941
3586 2942
3587 2943
3588 2944
3590 2945
3591 2946
3593 2947
3594 2948
3596 2949
3597 2950
3598 2951
3599 2952
3600 2953
3602 2954
3604 2955
3605 2956
3606 2957
3608 2958
3610 2959
3611 2960
3612 2961
3613 2962
3614 2963
3615 2964
3616 2965
3617 2966
3618 2967
3619 2968
3620 2969
3622 2970
3623 2971
3624 2972
3625 2973
3626 2974
3627 2975
3628 2976
3629 2977
3632 2978
3633 2979
3634 2980
3635 2981
3637 2982
3638 2983
3639 2984
3640 2985
3642 2986
3643 2987
3644 2988
3645 2989
3646 2990
3649 2991
3653 2992
3654 2993
3655 2994
3658 2995
3659 2996
3660 2997
3661 2998
3662 2999
3663 3000
3664 3001
3665 3002
3667 3003
3668 3004
3669 3005
3670 3006
3671 3007
3672 3008
3673 3009
3674 3010
3675 3011
3676 3012
3677 3013
3678 3014
3679 3015
3680 3016
3681 3017
3682 3018
3683 3019
3684 3020
3685 3021
3686 3022
3688 3023
3689 3024
3690 3025
3691 3026
3692 3027
3693 3028
3694 3029
3695 3030
3696 3031
3697 3032
3698 3033
3699 3034
3700 3035
3701 3036
3702 3037
3703 3038
3704 3039
3705 3040
3706 3041
3707 3042
3708 3043
3709 3044
3710 3045
3711 3046
3712 3047
3713 3048
3714 3049
3715 3050
3716 3051
3717 3052
3718 3053
3719 3054
3720 3055
3721 3056
3723 3057
3724 3058
3725 3059
3726 3060
3727 3061
3728 3062
3729 3063
3730 3064
3731 3065
3732 3066
3733 3067
3734 3068
3735 3069
3736 3070
3737 3071
3738 3072
3739 3073
3740 3074
3741 3075
3742 3076
3743 3077
3744 3078
3745 3079
3746 3080
3747 3081
3749 3082
3751 3083
3752 3084
3753 3085
3754 3086
3755 3087
3756 3088
3757 3089
3758 3090
3759 3091
3760 3092
3761 3093
3763 3094
3764 3095
3765 3096
3766 3097
3767 3098
3768 3099
3769 3100
3770 3101
3771 3102
3773 3103
3774 3104
3775 3105
3776 3106
3777 3107
3780 3108
3781 3109
3782 3110
3783 3111
3784 3112
3785 3113
3786 3114
3787 3115
3788 3116
3789 3117
3790 3118
3791 3119
3792 3120
3793 3121
3794 3122
3795 3123
3796 3124
3797 3125
3798 3126
3799 3127
3801 3128
3802 3129
3804 3130
3805 3131
3806 3132
3807 3133
3808 3134
3809 3135
3810 3136
3811 3137
3812 3138
3813 3139
3814 3140
3816 3141
3817 3142
3819 3143
3820 3144
3821 3145
3822 3146
3823 3147
3824 3148
3825 3149
3826 3150
3827 3151
3830 3152
3831 3153
3832 3154
3833 3155
3834 3156
3835 3157
3836 3158
3837 3159
3838 3160
3839 3161
3840 3162
3841 3163
3843 3164
3844 3165
3845 3166
3846 3167
3847 3168
3848 3169
3849 3170
3850 3171
3851 3172
3852 3173
3853 3174
3854 3175
3855 3176
3857 3177
3858 3178
3859 3179
3860 3180
3861 3181
3862 3182
3863 3183
3864 3184
3865 3185
3867 3186
3868 3187
3869 3188
3870 3189
3871 3190
3872 3191
3873 3192
3874 3193
3877 3194
3878 3195
3879 3196
3880 3197
3882 3198
3883 3199
3884 3200
3885 3201
3886 3202
3889 3203
3892 3204
3893 3205
3894 3206
3895 3207
3896 3208
3897 3209
3898 3210
3900 3211
3901 3212
3902 3213
3903 3214
3906 3215
3908 3216
3909 3217
3910 3218
3911 3219
3912 3220
3913 3221
3914 3222
3915 3223
3916 3224
3917 3225
3918 3226
3919 3227
3920 3228
3921 3229
3922 3230
3923 3231
3924 3232
3925 3233
3926 3234
3927 3235
3928 3236
3929 3237
3930 3238
3931 3239
3932 3240
3933 3241
3934 3242
3935 3243
3936 3244
3937 3245
3938 3246
3939 3247
3940 3248
3941 3249
3942 3250
3943 3251
3945 3252
3946 3253
3947 3254
3948 3255
3949 3256
3950 3257
3951 3258
3952 3259
