org_id remap_id freebase_id
1 0 -1
2 1 9466
3 2 4013
4 3 13328
5 4 4871
6 5 12873
7 6 7940
8 7 10171
9 8 -1
10 9 1056
11 10 4708
12 11 12726
13 12 4188
14 13 7242
15 14 9999
16 15 8503
17 16 13481
18 17 12977
19 18 6774
20 19 14429
21 20 12645
22 21 8632
23 22 7283
24 23 5522
25 24 11019
26 25 9335
27 26 10453
28 27 6444
29 28 5614
30 29 14147
31 30 2358
32 31 11618
34 32 13785
35 33 13848
36 34 8096
38 35 4843
39 36 6290
40 37 3050
41 38 1633
42 39 5170
43 40 13977
44 41 10436
45 42 10801
46 43 10732
47 44 4876
48 45 12034
49 46 9031
50 47 10617
52 48 13751
54 49 12899
55 50 5612
57 51 11864
58 52 -1
60 53 6300
61 54 4318
62 55 10315
63 56 3010
64 57 4121
65 58 7554
66 59 11818
68 60 13581
69 61 13883
70 62 13582
71 63 7116
72 64 11306
73 65 -1
74 66 7336
75 67 2201
76 68 377
77 69 -1
78 70 13985
79 71 3940
80 72 -1
81 73 9977
82 74 13335
83 75 -1
84 76 116
85 77 -1
86 78 3415
87 79 8111
88 80 9529
89 81 14116
92 82 5120
93 83 419
94 84 9000
95 85 6603
96 86 1569
97 87 -1
99 88 1134
100 89 7268
101 90 9621
102 91 14264
103 92 5751
104 93 8893
105 94 2105
106 95 -1
107 96 12096
110 97 6141
111 98 10215
112 99 -1
113 100 6787
114 101 10374
116 102 11270
117 103 5496
118 104 5738
119 105 9472
121 106 9778
122 107 7786
123 108 -1
124 109 -1
125 110 7454
126 111 9560
128 112 -1
129 113 9020
131 114 4257
132 115 2519
135 116 3061
137 117 8840
140 118 -1
141 119 319
144 120 8191
145 121 6810
146 122 210
147 123 13418
148 124 5343
149 125 8494
150 126 12095
151 127 8730
152 128 11119
153 129 355
154 130 7097
155 131 1643
156 132 13295
157 133 10344
158 134 13131
159 135 9715
160 136 218
161 137 7013
162 138 6029
163 139 5777
164 140 3237
165 141 2088
166 142 9143
168 143 12753
169 144 752
170 145 10551
171 146 10969
172 147 12402
173 148 9513
174 149 3054
175 150 5858
176 151 4073
177 152 103
178 153 7808
179 154 10371
180 155 13291
181 156 11963
182 157 8732
183 158 2914
184 159 2140
185 160 6045
186 161 12614
187 162 2890
188 163 1057
189 164 9125
190 165 7078
191 166 9749
193 167 5566
194 168 5166
195 169 3350
196 170 2995
197 171 1339
198 172 6650
199 173 1117
200 174 10991
201 175 10909
202 176 8821
203 177 11070
204 178 12219
205 179 1821
206 180 7538
207 181 5297
208 182 5569
209 183 13846
210 184 -1
211 185 2773
212 186 5754
213 187 8200
214 188 -1
215 189 10301
216 190 14240
217 191 3907
218 192 13807
219 193 11113
220 194 1394
222 195 9583
223 196 9018
224 197 5972
225 198 2278
227 199 7588
228 200 4841
229 201 11411
230 202 2712
231 203 9922
232 204 -1
233 205 422
234 206 14332
235 207 6931
236 208 5959
237 209 2535
238 210 252
239 211 10011
240 212 12496
241 213 4263
242 214 12915
243 215 5017
244 216 928
245 217 4487
246 218 5253
247 219 5534
248 220 6063
249 221 7165
250 222 11767
251 223 2423
252 224 10029
253 225 13460
254 226 14118
255 227 4892
256 228 47
257 229 4205
258 230 605
259 231 11810
260 232 6726
261 233 9531
262 234 -1
263 235 3648
265 236 14647
266 237 4028
267 238 6232
268 239 3005
269 240 -1
270 241 356
271 242 947
272 243 4402
273 244 3461
274 245 6349
275 246 14230
276 247 6006
277 248 13967
278 249 9858
279 250 2882
280 251 7926
281 252 4796
282 253 4404
283 254 13085
287 255 -1
288 256 4768
289 257 792
290 258 4178
291 259 7404
292 260 1098
293 261 -1
294 262 5707
295 263 1848
296 264 7638
297 265 5142
298 266 3823
299 267 9288
300 268 10438
301 269 6097
302 270 -1
303 271 10689
304 272 2254
305 273 -1
306 274 7879
307 275 202
308 276 11227
309 277 13485
312 278 14476
313 279 12476
314 280 9271
315 281 14132
316 282 4998
317 283 2574
318 284 14491
319 285 5686
320 286 14288
321 287 -1
322 288 13041
324 289 11247
325 290 3247
326 291 1488
327 292 10608
328 293 9121
329 294 691
330 295 3882
331 296 9873
332 297 12874
333 298 505
334 299 8178
335 300 13369
336 301 12621
337 302 3732
338 303 2285
339 304 -1
340 305 650
341 306 3040
342 307 11091
343 308 14563
344 309 5093
345 310 11400
346 311 7254
347 312 7972
348 313 13971
349 314 2367
350 315 9907
351 316 5578
352 317 388
353 318 10887
354 319 4869
355 320 12548
356 321 13336
357 322 6886
358 323 11074
359 324 6056
360 325 -1
361 326 14566
362 327 -1
363 328 -1
364 329 1107
365 330 11157
366 331 3158
367 332 12475
368 333 8921
369 334 7515
370 335 -1
371 336 5535
372 337 14166
373 338 4437
374 339 9638
375 340 897
376 341 9180
377 342 10506
378 343 3329
379 344 701
380 345 5144
381 346 13972
382 347 2910
383 348 6584
384 349 8277
385 350 10203
386 351 6191
387 352 8992
388 353 12989
389 354 -1
390 355 6572
391 356 2640
392 357 4337
393 358 5421
394 359 8173
397 360 -1
405 361 1155
407 362 5806
408 363 1312
409 364 4081
410 365 8662
411 366 5444
412 367 13898
413 368 5156
414 369 4299
415 370 7028
416 371 11723
417 372 12061
418 373 9740
419 374 5094
420 375 6741
421 376 13153
422 377 1914
423 378 101
424 379 7342
425 380 3631
426 381 9156
427 382 13497
428 383 5417
429 384 4104
430 385 -1
431 386 10750
432 387 12747
433 388 3730
434 389 3895
435 390 7025
436 391 566
437 392 -1
438 393 5337
440 394 13799
441 395 -1
442 396 8970
443 397 9893
444 398 12575
445 399 13228
446 400 3626
447 401 6673
448 402 6287
449 403 11908
450 404 9622
451 405 11748
452 406 630
453 407 4411
454 408 5348
455 409 4001
456 410 12995
457 411 1522
458 412 379
459 413 14120
460 414 14167
461 415 4856
462 416 12295
463 417 6400
464 418 12121
465 419 12970
466 420 4946
467 421 6619
468 422 206
469 423 2498
470 424 13779
471 425 6079
472 426 3078
473 427 5678
474 428 5407
475 429 -1
476 430 3617
477 431 12712
478 432 11449
479 433 878
480 434 11803
481 435 13826
482 436 11612
483 437 3083
484 438 13081
485 439 6754
486 440 1346
487 441 1742
488 442 496
489 443 14587
490 444 1466
491 445 6274
492 446 2666
493 447 11268
494 448 12468
495 449 10335
496 450 7661
497 451 14698
498 452 6535
499 453 3342
500 454 7301
501 455 1930
502 456 2318
503 457 3313
504 458 8441
505 459 12999
506 460 9574
507 461 9301
508 462 7202
509 463 12465
510 464 509
511 465 10198
512 466 -1
513 467 7521
514 468 4486
515 469 2011
516 470 6226
517 471 1118
518 472 12357
519 473 4168
520 474 1918
521 475 8520
522 476 13112
523 477 598
524 478 11598
525 479 3288
527 480 11194
528 481 4406
529 482 10246
531 483 11671
532 484 8474
533 485 6862
534 486 -1
535 487 2146
536 488 8937
537 489 12299
538 490 2377
539 491 8215
540 492 2915
541 493 7582
542 494 5322
543 495 13429
544 496 10112
546 497 10571
547 498 14036
548 499 390
549 500 12019
550 501 3039
551 502 3448
552 503 5271
553 504 -1
554 505 1733
555 506 14680
556 507 8050
558 508 9810
561 509 -1
562 510 11251
563 511 4067
564 512 8488
565 513 5637
566 514 4887
567 515 3115
568 516 7745
569 517 7159
570 518 -1
571 519 -1
573 520 -1
574 521 14217
575 522 11015
577 523 7806
580 524 11389
581 525 13491
583 526 5731
585 527 13183
586 528 9604
587 529 1828
588 530 3032
589 531 2202
590 532 8232
592 533 10704
593 534 8383
594 535 4189
595 536 6427
596 537 14598
597 538 11672
599 539 12590
600 540 12055
602 541 13003
603 542 14562
605 543 11343
606 544 2943
608 545 -1
609 546 6678
610 547 12260
611 548 8201
612 549 12640
613 550 8256
615 551 4644
616 552 13428
617 553 -1
619 554 -1
621 555 5679
626 556 11523
627 557 5349
628 558 7177
631 559 335
632 560 -1
633 561 4895
635 562 10060
637 563 8734
638 564 8055
639 565 5007
640 566 3770
645 567 10450
647 568 2075
648 569 1021
649 570 -1
650 571 3343
653 572 2625
656 573 10725
659 574 2592
661 575 8609
662 576 10282
663 577 97
665 578 8951
667 579 13772
668 580 14318
669 581 5782
670 582 -1
671 583 1415
673 584 10080
674 585 298
678 586 -1
680 587 8430
681 588 -1
685 589 8931
688 590 13263
691 591 6494
692 592 1904
694 593 2769
695 594 5930
697 595 4669
700 596 3248
702 597 12925
703 598 -1
704 599 16
705 600 -1
707 601 6882
708 602 1813
709 603 6549
710 604 13243
711 605 1648
714 606 10949
715 607 -1
716 608 987
718 609 3404
719 610 5587
720 611 11381
722 612 -1
724 613 3533
725 614 12102
728 615 6804
731 616 9880
733 617 204
735 618 -1
736 619 12571
737 620 11111
741 621 -1
742 622 9073
743 623 3270
745 624 5401
746 625 10369
747 626 12371
748 627 9209
750 628 9671
751 629 8105
753 630 13519
754 631 5958
759 632 8477
760 633 11365
761 634 7
762 635 6981
764 636 89
765 637 9190
766 638 11918
767 639 9572
769 640 -1
771 641 -1
778 642 11404
779 643 1605
780 644 -1
781 645 5474
782 646 2867
783 647 6306
784 648 14455
785 649 5945
786 650 5334
788 651 11490
793 652 -1
798 653 7110
799 654 4813
800 655 458
801 656 3587
802 657 9054
803 658 12374
804 659 4265
805 660 1116
806 661 2512
807 662 -1
808 663 2275
809 664 9965
810 665 9707
813 666 2023
818 667 8775
824 668 4184
828 669 7372
829 670 12240
830 671 4899
831 672 7787
832 673 12773
833 674 11894
835 675 13097
836 676 5744
837 677 8289
838 678 2002
839 679 12381
840 680 13421
841 681 10871
842 682 3764
846 683 4972
848 684 7928
849 685 12718
850 686 1572
851 687 492
852 688 7907
858 689 7212
860 690 13191
861 691 4842
862 692 7950
863 693 -1
864 694 145
866 695 -1
867 696 3332
869 697 5528
870 698 11789
875 699 13303
876 700 -1
877 701 6096
879 702 9137
880 703 2907
881 704 14405
882 705 13179
885 706 8630
886 707 8428
888 708 4557
891 709 3051
892 710 6970
893 711 13128
896 712 10406
897 713 12451
898 714 9808
899 715 13584
900 716 13409
901 717 13665
902 718 5364
903 719 858
904 720 7976
905 721 4881
906 722 -1
907 723 3773
908 724 11975
909 725 2822
910 726 11903
911 727 -1
912 728 10992
913 729 12203
914 730 5085
915 731 6836
916 732 3344
917 733 -1
918 734 14531
919 735 10968
920 736 1915
921 737 10240
922 738 -1
923 739 4401
924 740 2730
925 741 8450
926 742 4061
927 743 8168
928 744 14544
929 745 5107
930 746 3750
931 747 242
932 748 12573
933 749 13143
934 750 5653
935 751 7233
936 752 7314
937 753 115
938 754 9644
939 755 1678
940 756 9274
941 757 -1
942 758 1803
943 759 3780
944 760 9633
945 761 3605
946 762 -1
947 763 -1
948 764 3030
949 765 13586
950 766 1122
951 767 -1
952 768 6203
953 769 1044
954 770 12629
955 771 7291
956 772 -1
957 773 1178
958 774 -1
959 775 -1
960 776 -1
961 777 -1
962 778 -1
963 779 -1
964 780 -1
965 781 -1
967 782 8296
968 783 1861
969 784 2328
970 785 -1
971 786 4566
973 787 -1
974 788 -1
976 789 -1
978 790 -1
982 791 13461
984 792 10099
986 793 5557
987 794 6621
988 795 5770
990 796 10378
991 797 5942
992 798 4723
994 799 4115
996 800 7681
997 801 4524
998 802 12417
999 803 2919
1000 804 1313
1003 805 3226
1004 806 10746
1005 807 1062
1006 808 5633
1007 809 10868
1008 810 8440
1009 811 6083
1010 812 13337
1011 813 11514
1012 814 5316
1013 815 3921
1014 816 -1
1015 817 13064
1016 818 11801
1017 819 7828
1018 820 5414
1019 821 -1
1020 822 13084
1021 823 1136
1022 824 4220
1023 825 14088
1024 826 1177
1025 827 11533
1027 828 7214
1028 829 5597
1029 830 2196
1030 831 3924
1031 832 12311
1032 833 2968
1033 834 9852
1034 835 12325
1035 836 11238
1036 837 13061
1037 838 11398
1038 839 14084
1041 840 13446
1042 841 8369
1043 842 14249
1044 843 8484
1046 844 8668
1047 845 9128
1049 846 10309
1050 847 9386
1051 848 11744
1053 849 13169
1054 850 8245
1055 851 14453
1056 852 1405
1057 853 189
1058 854 -1
1059 855 -1
1060 856 11478
1061 857 8194
1063 858 7478
1064 859 12491
1066 860 126
1067 861 12782
1068 862 6530
1069 863 2380
1073 864 -1
1076 865 10132
1077 866 10564
1078 867 10568
1079 868 11682
1080 869 9
1081 870 12111
1082 871 11513
1083 872 1323
1084 873 4612
1085 874 1159
1086 875 10363
1087 876 11098
1088 877 2586
1089 878 6477
1090 879 3864
1091 880 6246
1092 881 11366
1093 882 7790
1094 883 8962
1095 884 7131
1096 885 424
1097 886 4006
1099 887 5394
1100 888 4504
1101 889 1700
1103 890 6943
1104 891 1795
1105 892 4244
1111 893 1576
1112 894 7635
1113 895 3324
1114 896 13063
1116 897 -1
1117 898 -1
1119 899 12820
1120 900 7107
1121 901 6126
1123 902 -1
1124 903 9291
1125 904 7893
1126 905 1805
1127 906 11531
1128 907 8841
1129 908 11476
1130 909 13500
1131 910 12810
1132 911 2937
1135 912 5098
1136 913 10803
1144 914 -1
1147 915 8983
1148 916 12986
1150 917 -1
1151 918 3117
1152 919 -1
1153 920 5269
1154 921 -1
1161 922 -1
1162 923 8276
1163 924 9467
1167 925 967
1168 926 3058
1169 927 3003
1170 928 2921
1171 929 7183
1172 930 10625
1173 931 4828
1175 932 8389
1176 933 -1
1177 934 11568
1178 935 2082
1179 936 3964
1180 937 -1
1181 938 13682
1183 939 14300
1184 940 13057
1185 941 14333
1186 942 10963
1187 943 4548
1188 944 5384
1189 945 9187
1190 946 5202
1191 947 875
1192 948 12751
1193 949 2348
1194 950 12647
1196 951 11966
1197 952 5815
1198 953 10295
1199 954 4753
1200 955 11313
1201 956 6255
1202 957 3767
1203 958 13025
1204 959 8185
1205 960 10563
1206 961 13821
1207 962 4419
1208 963 9792
1209 964 4495
1210 965 11889
1211 966 -1
1212 967 13170
1213 968 7041
1214 969 900
1215 970 12322
1216 971 -1
1217 972 1895
1218 973 -1
1219 974 5285
1220 975 4952
1221 976 10437
1222 977 407
1223 978 3723
1224 979 3197
1225 980 9482
1226 981 13786
1227 982 6903
1228 983 1976
1230 984 10086
1231 985 8679
1232 986 1294
1233 987 -1
1234 988 4967
1235 989 8714
1236 990 13175
1237 991 -1
1238 992 931
1240 993 14294
1241 994 10454
1242 995 1767
1243 996 -1
1244 997 13804
1245 998 5884
1246 999 3253
1247 1000 14642
1248 1001 5995
1249 1002 -1
1250 1003 87
1251 1004 -1
1252 1005 7380
1253 1006 12723
1254 1007 4297
1255 1008 3634
1256 1009 106
1257 1010 165
1258 1011 11362
1259 1012 12141
1260 1013 -1
1261 1014 2056
1262 1015 11747
1263 1016 371
1264 1017 11281
1265 1018 11226
1266 1019 9264
1267 1020 6396
1268 1021 4435
1269 1022 7037
1270 1023 6579
1271 1024 4276
1272 1025 5260
1273 1026 4836
1274 1027 2041
1275 1028 4154
1276 1029 1179
1277 1030 -1
1278 1031 11448
1279 1032 3290
1280 1033 10819
1281 1034 13354
1282 1035 12678
1283 1036 7970
1284 1037 8782
1285 1038 8135
1286 1039 3256
1287 1040 5229
1288 1041 9568
1289 1042 239
1290 1043 5228
1291 1044 5657
1292 1045 7816
1293 1046 5781
1294 1047 11871
1295 1048 8916
1296 1049 592
1297 1050 2554
1298 1051 -1
1299 1052 12939
1300 1053 13487
1301 1054 6319
1302 1055 4672
1303 1056 12770
1304 1057 6037
1305 1058 3862
1306 1059 1943
1307 1060 8226
1310 1061 7324
1312 1062 -1
1313 1063 7855
1317 1064 3810
1320 1065 -1
1321 1066 12623
1322 1067 13069
1323 1068 1797
1324 1069 13867
1325 1070 10545
1326 1071 3487
1327 1072 2109
1328 1073 5367
1329 1074 13854
1330 1075 10153
1331 1076 5642
1332 1077 3318
1333 1078 7482
1334 1079 1309
1335 1080 14482
1336 1081 5437
1337 1082 3436
1339 1083 2861
1340 1084 14396
1341 1085 9987
1342 1086 13113
1343 1087 9173
1344 1088 6137
1345 1089 11941
1346 1090 11288
1347 1091 2225
1348 1092 11424
1349 1093 -1
1350 1094 11280
1351 1095 13691
1352 1096 1658
1353 1097 2362
1354 1098 3357
1355 1099 433
1356 1100 2451
1357 1101 11272
1358 1102 3048
1359 1103 12620
1361 1104 12839
1362 1105 -1
1363 1106 1180
1365 1107 10457
1366 1108 12257
1367 1109 8447
1370 1110 1121
1371 1111 4093
1372 1112 10305
1373 1113 10469
1374 1114 3021
1375 1115 7906
1376 1116 6167
1377 1117 3178
1378 1118 4729
1379 1119 14649
1380 1120 1663
1381 1121 3363
1382 1122 12367
1383 1123 11731
1385 1124 8318
1387 1125 12344
1388 1126 4646
1389 1127 3400
1390 1128 13595
1391 1129 6982
1392 1130 4361
1393 1131 11836
1394 1132 2452
1395 1133 8650
1396 1134 -1
1397 1135 10543
1398 1136 11981
1399 1137 8080
1401 1138 9831
1404 1139 5301
1405 1140 1243
1406 1141 -1
1407 1142 6942
1408 1143 1375
1409 1144 1226
1410 1145 5773
1411 1146 1192
1412 1147 8382
1413 1148 12208
1414 1149 6328
1415 1150 -1
1416 1151 2752
1417 1152 9290
1419 1153 8051
1421 1154 6604
1422 1155 6392
1423 1156 4011
1425 1157 11776
1426 1158 299
1427 1159 12120
1428 1160 7566
1429 1161 -1
1431 1162 411
1432 1163 9438
1437 1164 6095
1438 1165 1042
1439 1166 1855
1440 1167 11000
1441 1168 1985
1442 1169 11532
1445 1170 6099
1446 1171 10271
1447 1172 8368
1449 1173 11614
1450 1174 -1
1453 1175 2267
1454 1176 11045
1455 1177 13991
1456 1178 2851
1457 1179 2335
1458 1180 7742
1459 1181 7744
1460 1182 5913
1461 1183 5235
1463 1184 4359
1464 1185 674
1465 1186 10852
1466 1187 2117
1468 1188 6446
1472 1189 903
1473 1190 12133
1474 1191 -1
1475 1192 9201
1476 1193 4793
1477 1194 4196
1479 1195 4023
1480 1196 1780
1482 1197 7612
1483 1198 12044
1484 1199 4511
1485 1200 13251
1487 1201 728
1488 1202 6766
1489 1203 6028
1490 1204 12552
1493 1205 6559
1494 1206 8742
1495 1207 2610
1496 1208 5163
1497 1209 8905
1498 1210 6377
1499 1211 6972
1500 1212 1581
1501 1213 8728
1502 1214 2090
1503 1215 5950
1504 1216 9006
1507 1217 9028
1508 1218 7805
1509 1219 9664
1511 1220 4041
1513 1221 7185
1515 1222 6293
1516 1223 5638
1517 1224 4818
1518 1225 1552
1520 1226 9188
1523 1227 2870
1525 1228 5572
1526 1229 5
1527 1230 3514
1529 1231 14027
1531 1232 -1
1533 1233 -1
1535 1234 9739
1537 1235 -1
1539 1236 13716
1541 1237 802
1542 1238 4176
1544 1239 6139
1545 1240 11354
1546 1241 9856
1547 1242 3085
1549 1243 -1
1550 1244 5236
1551 1245 3012
1552 1246 119
1554 1247 7547
1556 1248 10300
1562 1249 11030
1563 1250 14683
1564 1251 10327
1565 1252 6399
1566 1253 1948
1569 1254 284
1570 1255 835
1571 1256 -1
1572 1257 -1
1573 1258 8758
1574 1259 12065
1575 1260 14684
1580 1261 13836
1581 1262 8422
1582 1263 14232
1583 1264 8678
1584 1265 13009
1585 1266 5059
1586 1267 13279
1587 1268 4310
1588 1269 4817
1589 1270 4783
1590 1271 13330
1591 1272 8043
1592 1273 10549
1593 1274 13371
1594 1275 8195
1595 1276 2360
1596 1277 808
1597 1278 881
1598 1279 5420
1599 1280 10003
1600 1281 4782
1601 1282 769
1602 1283 5278
1603 1284 10735
1604 1285 9049
1605 1286 9851
1606 1287 3740
1608 1288 181
1609 1289 13425
1610 1290 8919
1611 1291 8078
1612 1292 2054
1613 1293 1376
1614 1294 -1
1615 1295 -1
1616 1296 7024
1617 1297 5159
1619 1298 14601
1620 1299 13271
1621 1300 5400
1623 1301 10022
1624 1302 658
1625 1303 11896
1626 1304 4764
1627 1305 2618
1629 1306 5509
1631 1307 13086
1632 1308 7415
1633 1309 7267
1635 1310 1064
1639 1311 13304
1640 1312 13815
1641 1313 8085
1642 1314 -1
1643 1315 2690
1644 1316 8147
1645 1317 3046
1646 1318 14525
1647 1319 4375
1648 1320 13569
1649 1321 12051
1650 1322 13459
1651 1323 11688
1653 1324 5644
1654 1325 12380
1655 1326 7864
1656 1327 11781
1657 1328 4996
1658 1329 5727
1660 1330 5888
1661 1331 13892
1662 1332 10928
1663 1333 7086
1665 1334 9850
1666 1335 1617
1667 1336 2522
1668 1337 5443
1669 1338 2416
1670 1339 12602
1671 1340 6371
1672 1341 7609
1673 1342 11050
1674 1343 9859
1675 1344 1308
1676 1345 7594
1677 1346 11536
1678 1347 14008
1679 1348 9687
1680 1349 9374
1681 1350 1478
1682 1351 5933
1683 1352 6768
1684 1353 -1
1686 1354 4308
1687 1355 3132
1688 1356 3311
1689 1357 11025
1690 1358 7335
1692 1359 -1
1693 1360 6991
1694 1361 6654
1695 1362 2693
1696 1363 11673
1699 1364 -1
1701 1365 12827
1702 1366 13701
1703 1367 9498
1704 1368 3080
1707 1369 8514
1711 1370 12651
1713 1371 14051
1715 1372 10294
1717 1373 13890
1719 1374 1647
1721 1375 13694
1722 1376 4650
1725 1377 -1
1726 1378 13699
1727 1379 3805
1728 1380 3411
1729 1381 14201
1730 1382 12291
1731 1383 4488
1732 1384 13259
1733 1385 14238
1734 1386 3260
1735 1387 12881
1739 1388 10032
1743 1389 -1
1744 1390 6843
1746 1391 7234
1747 1392 9654
1748 1393 13542
1749 1394 726
1750 1395 196
1752 1396 2337
1753 1397 5362
1754 1398 7862
1755 1399 11121
1756 1400 7401
1758 1401 6749
1759 1402 13052
1760 1403 10628
1762 1404 3144
1767 1405 4800
1769 1406 13147
1770 1407 11792
1771 1408 5423
1772 1409 5538
1777 1410 6599
1779 1411 11751
1783 1412 3170
1784 1413 14395
1785 1414 4423
1788 1415 5674
1791 1416 7039
1792 1417 14378
1793 1418 13297
1794 1419 2313
1797 1420 11142
1798 1421 3538
1799 1422 9337
1801 1423 14627
1804 1424 4745
1805 1425 13919
1806 1426 9625
1807 1427 2714
1809 1428 9609
1810 1429 12032
1811 1430 12455
1812 1431 9368
1814 1432 13203
1816 1433 1757
1817 1434 1115
1821 1435 4735
1822 1436 2098
1824 1437 3821
1825 1438 -1
1826 1439 5639
1827 1440 14390
1829 1441 5655
1831 1442 3043
1833 1443 11505
1834 1444 12022
1835 1445 10326
1836 1446 3297
1837 1447 732
1839 1448 2552
1840 1449 2501
1841 1450 8150
1844 1451 3838
1845 1452 3731
1846 1453 13580
1848 1454 -1
1850 1455 2389
1853 1456 2396
1854 1457 747
1855 1458 1000
1856 1459 8573
1857 1460 1964
1858 1461 10842
1859 1462 7239
1860 1463 5564
1862 1464 9819
1863 1465 11554
1864 1466 820
1865 1467 5654
1866 1468 -1
1867 1469 9885
1869 1470 1483
1870 1471 2317
1872 1472 14430
1873 1473 -1
1874 1474 7985
1875 1475 7246
1876 1476 8552
1878 1477 2014
1879 1478 13537
1880 1479 3687
1881 1480 6906
1882 1481 5192
1883 1482 5620
1884 1483 5205
1885 1484 4022
1887 1485 9030
1888 1486 3265
1889 1487 7409
1892 1488 10040
1893 1489 2742
1894 1490 13503
1895 1491 5574
1896 1492 8736
1897 1493 10885
1898 1494 -1
1899 1495 12842
1900 1496 -1
1902 1497 10118
1904 1498 1403
1906 1499 14267
1907 1500 -1
1909 1501 11561
1910 1502 10387
1911 1503 10268
1912 1504 4332
1913 1505 3110
1914 1506 5981
1916 1507 10527
1917 1508 8638
1918 1509 2104
1919 1510 2130
1920 1511 4354
1921 1512 6644
1922 1513 6225
1923 1514 3417
1924 1515 -1
1925 1516 3159
1926 1517 7450
1927 1518 207
1928 1519 13056
1929 1520 2946
1931 1521 14636
1932 1522 9461
1933 1523 -1
1934 1524 6419
1935 1525 13740
1936 1526 437
1937 1527 8451
1938 1528 9134
1939 1529 401
1940 1530 4614
1941 1531 1656
1942 1532 13674
1943 1533 5370
1944 1534 9083
1945 1535 -1
1946 1536 4993
1947 1537 13602
1948 1538 13594
1949 1539 9942
1950 1540 7887
1951 1541 10368
1952 1542 10932
1953 1543 14439
1954 1544 177
1955 1545 9097
1956 1546 11178
1957 1547 11243
1958 1548 4570
1959 1549 12935
1960 1550 9655
1961 1551 12868
1962 1552 -1
1963 1553 12608
1964 1554 11246
1965 1555 2517
1966 1556 14367
1967 1557 435
1968 1558 10139
1969 1559 410
1970 1560 13098
1971 1561 13267
1972 1562 3663
1973 1563 677
1974 1564 14605
1975 1565 10614
1976 1566 10090
1977 1567 7410
1978 1568 6700
1979 1569 14695
1980 1570 4292
1981 1571 10975
1982 1572 10293
1983 1573 10524
1984 1574 6115
1985 1575 3950
1986 1576 11863
1987 1577 9407
1988 1578 5934
1989 1579 6984
1990 1580 3407
1991 1581 1824
1992 1582 9641
1993 1583 14530
1994 1584 7407
1995 1585 5608
1996 1586 9800
1997 1587 2876
1998 1588 13472
1999 1589 13891
2000 1590 837
2001 1591 9219
2002 1592 6706
2003 1593 13841
2004 1594 6483
2005 1595 7065
2006 1596 11575
2007 1597 271
2008 1598 -1
2009 1599 8897
2010 1600 9492
2011 1601 5011
2012 1602 7118
2013 1603 7718
2014 1604 13783
2015 1605 788
2016 1606 14134
2017 1607 11562
2018 1608 3691
2019 1609 -1
2020 1610 12216
2021 1611 12036
2022 1612 8127
2023 1613 3571
2024 1614 10756
2025 1615 12814
2026 1616 11347
2027 1617 3482
2028 1618 11086
2029 1619 5161
2031 1620 10416
2032 1621 1344
2033 1622 2663
2034 1623 6813
2035 1624 4335
2036 1625 4649
2037 1626 14586
2038 1627 2255
2040 1628 8692
2041 1629 1896
2042 1630 12264
2043 1631 1820
2044 1632 10806
2045 1633 6880
2046 1634 3130
2047 1635 7982
2048 1636 10933
2049 1637 12956
2050 1638 1429
2051 1639 3071
2052 1640 5780
2053 1641 11229
2054 1642 12985
2055 1643 4414
2056 1644 12350
2057 1645 5150
2058 1646 4179
2059 1647 10163
2060 1648 12033
2062 1649 1999
2064 1650 7625
2065 1651 11923
2066 1652 6014
2067 1653 14590
2068 1654 879
2069 1655 11779
2070 1656 3443
2071 1657 2717
2072 1658 449
2073 1659 395
2074 1660 -1
2075 1661 1804
2076 1662 7145
2077 1663 12197
2078 1664 11879
2079 1665 3441
2080 1666 8148
2081 1667 6188
2082 1668 10152
2083 1669 8511
2084 1670 5145
2085 1671 4921
2086 1672 4665
2087 1673 430
2088 1674 585
2089 1675 12557
2090 1676 4462
2091 1677 12893
2092 1678 10701
2093 1679 8210
2094 1680 11546
2095 1681 3020
2096 1682 7195
2097 1683 10098
2098 1684 3028
2099 1685 4545
2100 1686 2524
2101 1687 3718
2102 1688 -1
2103 1689 40
2104 1690 6514
2105 1691 13100
2106 1692 1549
2107 1693 919
2108 1694 13910
2109 1695 1284
2110 1696 150
2111 1697 12222
2112 1698 12711
2113 1699 6598
2114 1700 705
2115 1701 4156
2116 1702 6831
2117 1703 7536
2118 1704 4810
2119 1705 7413
2120 1706 2001
2121 1707 10190
2122 1708 3160
2123 1709 7659
2124 1710 13178
2125 1711 3287
2126 1712 1990
2128 1713 12845
2130 1714 2557
2131 1715 -1
2132 1716 2042
2133 1717 5999
2134 1718 4760
2135 1719 2212
2136 1720 14077
2137 1721 10358
2138 1722 9130
2139 1723 13093
2140 1724 12587
2141 1725 5954
2142 1726 10361
2143 1727 6019
2144 1728 12648
2145 1729 10045
2146 1730 7461
2147 1731 13332
2148 1732 12035
2149 1733 3346
2150 1734 4821
2151 1735 4240
2152 1736 8291
2153 1737 11163
2154 1738 9304
2155 1739 10170
2157 1740 8209
2158 1741 11254
2159 1742 6372
2160 1743 759
2161 1744 2505
2162 1745 8316
2163 1746 5008
2164 1747 4024
2165 1748 -1
2166 1749 4925
2167 1750 6434
2168 1751 5974
2169 1752 1455
2170 1753 12537
2171 1754 5111
2173 1755 293
2174 1756 9895
2175 1757 -1
2176 1758 11380
2177 1759 5078
2178 1760 8918
2179 1761 6767
2180 1762 1544
2181 1763 4369
2182 1764 11353
2183 1765 13765
2184 1766 12409
2185 1767 3761
2186 1768 10699
2187 1769 10285
2188 1770 8347
2189 1771 13532
2190 1772 14335
2191 1773 9591
2193 1774 12415
2194 1775 12434
2195 1776 880
2196 1777 1019
2197 1778 3580
2201 1779 9973
2202 1780 6527
2203 1781 4670
2204 1782 13346
2205 1783 5768
2206 1784 -1
2208 1785 -1
2209 1786 -1
2210 1787 -1
2211 1788 6818
2212 1789 3424
2215 1790 12448
2219 1791 6465
2221 1792 11650
2227 1793 13546
2231 1794 -1
2232 1795 645
2236 1796 9053
2237 1797 6303
2238 1798 9553
2239 1799 -1
2240 1800 2616
2241 1801 198
2243 1802 12684
2245 1803 3300
2246 1804 -1
2247 1805 12339
2248 1806 13729
2249 1807 10209
2250 1808 8516
2252 1809 3716
2253 1810 6838
2255 1811 10876
2256 1812 7578
2257 1813 10905
2259 1814 4164
2260 1815 4207
2261 1816 2309
2262 1817 2518
2263 1818 5554
2264 1819 8331
2265 1820 11081
2266 1821 12005
2267 1822 1689
2268 1823 1439
2269 1824 7451
2271 1825 7364
2272 1826 12577
2273 1827 6794
2275 1828 2325
2276 1829 10116
2278 1830 933
2279 1831 513
2280 1832 4481
2281 1833 4197
2282 1834 6069
2283 1835 4989
2284 1836 2181
2285 1837 -1
2286 1838 12288
2287 1839 7666
2288 1840 283
2289 1841 4346
2290 1842 13501
2291 1843 10092
2292 1844 10319
2293 1845 11784
2294 1846 10195
2295 1847 13565
2296 1848 6781
2297 1849 918
2298 1850 7381
2300 1851 12965
2301 1852 2048
2302 1853 10142
2303 1854 12148
2305 1855 4774
2306 1856 7995
2307 1857 7730
2310 1858 14393
2311 1859 10102
2312 1860 6506
2313 1861 9092
2314 1862 7155
2315 1863 5996
2316 1864 4233
2318 1865 5065
2320 1866 2435
2321 1867 14441
2322 1868 3506
2323 1869 9096
2324 1870 -1
2325 1871 2333
2326 1872 3982
2327 1873 9416
2328 1874 4654
2329 1875 12403
2330 1876 8117
2331 1877 6978
2333 1878 13442
2334 1879 5130
2335 1880 11665
2336 1881 8397
2337 1882 10054
2338 1883 1826
2339 1884 12643
2340 1885 2966
2341 1886 8248
2342 1887 13299
2344 1888 14207
2345 1889 11052
2346 1890 3312
2347 1891 85
2348 1892 5411
2349 1893 2814
2350 1894 10570
2351 1895 13614
2352 1896 12781
2353 1897 4508
2354 1898 11093
2355 1899 10079
2356 1900 1013
2357 1901 4535
2359 1902 13047
2360 1903 -1
2361 1904 14010
2362 1905 6686
2363 1906 8558
2364 1907 8114
2365 1908 -1
2366 1909 11712
2367 1910 8049
2368 1911 5379
2369 1912 4007
2370 1913 2841
2371 1914 9268
2372 1915 12660
2373 1916 6846
2374 1917 -1
2375 1918 12823
2376 1919 8011
2377 1920 3122
2378 1921 2151
2379 1922 3228
2380 1923 13209
2381 1924 4170
2382 1925 10715
2383 1926 2795
2384 1927 13141
2385 1928 3971
2386 1929 -1
2387 1930 12913
2388 1931 -1
2389 1932 4859
2390 1933 13711
2391 1934 3534
2392 1935 141
2393 1936 31
2394 1937 12037
2395 1938 2139
2396 1939 13331
2397 1940 1268
2398 1941 4599
2399 1942 7315
2400 1943 13345
2401 1944 10589
2402 1945 7839
2403 1946 9376
2404 1947 10586
2405 1948 12389
2406 1949 12011
2407 1950 4530
2408 1951 1472
2409 1952 9974
2410 1953 1431
2411 1954 4127
2412 1955 2569
2413 1956 6866
2414 1957 1560
2415 1958 6833
2416 1959 7829
2417 1960 11211
2418 1961 1387
2419 1962 13707
2420 1963 10328
2421 1964 4336
2422 1965 12878
2423 1966 13462
2424 1967 1108
2425 1968 8040
2426 1969 14002
2427 1970 3364
2428 1971 2762
2429 1972 1297
2430 1973 7312
2431 1974 11433
2432 1975 14170
2433 1976 1092
2434 1977 1347
2435 1978 10131
2436 1979 11670
2437 1980 14241
2439 1981 1699
2440 1982 10322
2441 1983 873
2442 1984 10856
2443 1985 5759
2445 1986 14125
2446 1987 13776
2447 1988 11069
2448 1989 9107
2449 1990 14175
2450 1991 12221
2451 1992 8876
2452 1993 8131
2453 1994 4482
2454 1995 6469
2455 1996 10097
2456 1997 7236
2457 1998 7558
2458 1999 1884
2459 2000 9029
2460 2001 12911
2461 2002 3827
2462 2003 14322
2463 2004 13129
2465 2005 6090
2466 2006 9764
2467 2007 2160
2468 2008 1254
2469 2009 713
2470 2010 374
2471 2011 95
2472 2012 5966
2473 2013 -1
2474 2014 4120
2475 2015 54
2476 2016 6065
2477 2017 4636
2478 2018 -1
2479 2019 1611
2481 2020 11445
2482 2021 11881
2483 2022 -1
2485 2023 7358
2488 2024 2077
2490 2025 11842
2491 2026 8024
2492 2027 911
2493 2028 -1
2494 2029 6151
2495 2030 -1
2496 2031 4031
2497 2032 3802
2498 2033 3822
2499 2034 -1
2500 2035 4231
2501 2036 302
2502 2037 13946
2504 2038 14618
2505 2039 5498
2506 2040 2681
2507 2041 3980
2509 2042 9330
2511 2043 14111
2512 2044 -1
2513 2045 13673
2514 2046 12950
2515 2047 5985
2516 2048 3024
2517 2049 6561
2518 2050 1501
2519 2051 -1
2520 2052 4136
2521 2053 11739
2522 2054 6084
2523 2055 13289
2524 2056 8981
2525 2057 2572
2526 2058 5143
2527 2059 8014
2528 2060 14042
2529 2061 9043
2530 2062 7440
2531 2063 11221
2532 2064 5850
2533 2065 13196
2534 2066 12050
2535 2067 7682
2536 2068 5571
2537 2069 2469
2539 2070 13728
2540 2071 8952
2541 2072 10460
2542 2073 1083
2544 2074 -1
2545 2075 13723
2546 2076 13621
2548 2077 9690
2549 2078 1993
2550 2079 2153
2551 2080 4020
2552 2081 4261
2553 2082 10242
2554 2083 6560
2555 2084 13570
2558 2085 11509
2559 2086 2561
2560 2087 2031
2561 2088 7895
2565 2089 11526
2566 2090 9340
2567 2091 6198
2568 2092 7264
2570 2093 8579
2571 2094 1707
2572 2095 13082
2573 2096 12332
2574 2097 767
2575 2098 -1
2577 2099 -1
2579 2100 12227
2580 2101 4777
2581 2102 13963
2582 2103 -1
2583 2104 14631
2585 2105 -1
2586 2106 12652
2587 2107 9065
2589 2108 11359
2590 2109 12378
2593 2110 -1
2594 2111 4177
2596 2112 1988
2597 2113 7388
2598 2114 4556
2599 2115 9877
2600 2116 14493
2605 2117 2748
2606 2118 13029
2607 2119 5133
2609 2120 -1
2610 2121 2243
2611 2122 763
2612 2123 5515
2613 2124 8362
2614 2125 -1
2615 2126 4087
2616 2127 2373
2617 2128 963
2618 2129 2460
2620 2130 13073
2621 2131 -1
2622 2132 1303
2624 2133 8448
2625 2134 -1
2626 2135 11148
2627 2136 1600
2628 2137 2191
2629 2138 6812
2630 2139 -1
2632 2140 -1
2633 2141 6563
2634 2142 2322
2635 2143 10117
2636 2144 10881
2637 2145 -1
2638 2146 7472
2639 2147 5298
2640 2148 5445
2641 2149 8913
2642 2150 10068
2643 2151 6671
2644 2152 1463
2645 2153 772
2646 2154 11374
2647 2155 1938
2648 2156 7922
2649 2157 5497
2650 2158 3492
2651 2159 7012
2652 2160 13629
2653 2161 2311
2654 2162 9584
2655 2163 -1
2656 2164 7601
2657 2165 3725
2658 2166 286
2659 2167 1546
2660 2168 4412
2661 2169 8037
2662 2170 291
2663 2171 10345
2664 2172 11046
2665 2173 3781
2666 2174 4190
2667 2175 3379
2668 2176 11042
2669 2177 1470
2670 2178 12876
2671 2179 6990
2672 2180 8890
2674 2181 3573
2675 2182 -1
2676 2183 9192
2677 2184 3325
2678 2185 11868
2681 2186 6533
2682 2187 3659
2683 2188 3074
2686 2189 -1
2687 2190 10393
2688 2191 11016
2689 2192 8622
2690 2193 3594
2691 2194 13575
2692 2195 8726
2693 2196 1291
2694 2197 8776
2695 2198 11361
2696 2199 -1
2697 2200 8130
2699 2201 8270
2700 2202 -1
2701 2203 13534
2702 2204 11528
2704 2205 13789
2706 2206 11220
2707 2207 7293
2708 2208 -1
2709 2209 6861
2710 2210 4791
2711 2211 13553
2712 2212 12742
2713 2213 3316
2714 2214 3516
2715 2215 12117
2716 2216 6271
2717 2217 1543
2718 2218 8879
2719 2219 10052
2720 2220 9178
2721 2221 5675
2722 2222 -1
2723 2223 253
2724 2224 11880
2725 2225 3034
2726 2226 11413
2727 2227 1379
2728 2228 4902
2729 2229 8098
2730 2230 10272
2731 2231 -1
2732 2232 5648
2733 2233 4903
2734 2234 3109
2735 2235 10736
2736 2236 -1
2737 2237 3261
2738 2238 5849
2739 2239 4702
2740 2240 6360
2741 2241 9227
2743 2242 5532
2744 2243 6341
2745 2244 1490
2746 2245 -1
2747 2246 -1
2748 2247 -1
2749 2248 4502
2750 2249 6192
2751 2250 520
2752 2251 13321
2753 2252 1023
2754 2253 -1
2755 2254 2629
2756 2255 -1
2757 2256 12385
2758 2257 4707
2759 2258 6683
2761 2259 12959
2762 2260 3896
2763 2261 10178
2764 2262 4183
2766 2263 2961
2767 2264 5283
2768 2265 14652
2769 2266 7729
2770 2267 13540
2771 2268 6186
2772 2269 11510
2773 2270 6734
2774 2271 654
2775 2272 1085
2776 2273 -1
2778 2274 6717
2779 2275 12004
2780 2276 13055
2781 2277 9817
2782 2278 13415
2783 2279 9582
2784 2280 -1
2785 2281 6177
2786 2282 8664
2787 2283 11392
2788 2284 6928
2789 2285 9706
2790 2286 -1
2791 2287 7376
2792 2288 12859
2793 2289 4717
2794 2290 13759
2795 2291 13094
2796 2292 4997
2797 2293 -1
2798 2294 2548
2799 2295 10380
2800 2296 6871
2801 2297 -1
2802 2298 12463
2803 2299 8600
2804 2300 3121
2805 2301 6408
2806 2302 11843
2807 2303 7262
2808 2304 1726
2809 2305 3852
2810 2306 4787
2812 2307 13726
2813 2308 14273
2815 2309 1968
2816 2310 4797
2817 2311 4742
2818 2312 8060
2819 2313 11597
2820 2314 5074
2822 2315 -1
2824 2316 4756
2826 2317 5460
2827 2318 9727
2828 2319 5909
2829 2320 358
2830 2321 -1
2834 2322 4242
2835 2323 5434
2836 2324 8360
2837 2325 1068
2839 2326 -1
2840 2327 2821
2841 2328 4143
2842 2329 13201
2843 2330 -1
2844 2331 152
2846 2332 11955
2847 2333 14358
2848 2334 13710
2849 2335 12330
2851 2336 6233
2852 2337 12533
2853 2338 -1
2854 2339 4667
2855 2340 12923
2856 2341 7371
2857 2342 5048
2858 2343 12812
2859 2344 7463
2860 2345 -1
2861 2346 6101
2862 2347 1604
2863 2348 9005
2864 2349 11446
2865 2350 1935
2866 2351 2731
2867 2352 -1
2868 2353 14107
2870 2354 12728
2871 2355 4387
2872 2356 2550
2873 2357 10656
2874 2358 14606
2875 2359 10771
2876 2360 4452
2877 2361 8161
2878 2362 5651
2879 2363 -1
2880 2364 -1
2881 2365 946
2882 2366 2817
2883 2367 13265
2884 2368 12983
2885 2369 -1
2886 2370 2178
2888 2371 12736
2889 2372 6071
2890 2373 11681
2891 2374 8233
2892 2375 9639
2893 2376 10014
2894 2377 4855
2896 2378 12125
2897 2379 -1
2898 2380 6851
2899 2381 -1
2900 2382 9429
2901 2383 5040
2902 2384 2210
2903 2385 6149
2904 2386 4911
2905 2387 10875
2906 2388 12421
2907 2389 10286
2908 2390 13989
2912 2391 14457
2913 2392 6582
2914 2393 9310
2915 2394 2686
2916 2395 11895
2917 2396 7853
2918 2397 14674
2919 2398 7274
2920 2399 9672
2921 2400 4199
2922 2401 4478
2923 2402 -1
2924 2403 -1
2925 2404 12905
2926 2405 11965
2927 2406 12297
2928 2407 3530
2929 2408 5664
2931 2409 -1
2932 2410 7058
2935 2411 2627
2936 2412 9120
2937 2413 6428
2938 2414 4684
2939 2415 12750
2940 2416 7438
2941 2417 5076
2942 2418 12714
2943 2419 6078
2944 2420 531
2945 2421 9471
2946 2422 14127
2947 2423 414
2948 2424 10763
2949 2425 7408
2950 2426 12276
2951 2427 5042
2952 2428 -1
2953 2429 6637
2956 2430 8715
2959 2431 6807
2961 2432 12656
2962 2433 12023
2963 2434 8939
2964 2435 8820
2965 2436 29
2966 2437 3787
2967 2438 5492
2968 2439 1981
2969 2440 -1
2970 2441 6913
2971 2442 1582
2972 2443 -1
2973 2444 269
2974 2445 2944
2975 2446 1087
2976 2447 10158
2977 2448 8744
2978 2449 14022
2979 2450 191
2981 2451 4434
2982 2452 4084
2983 2453 8483
2985 2454 2869
2986 2455 9321
2987 2456 2446
2988 2457 14097
2989 2458 6791
2990 2459 14144
2991 2460 3246
2992 2461 4854
2993 2462 7044
2994 2463 1491
2995 2464 -1
2996 2465 2839
2997 2466 7066
2998 2467 -1
3000 2468 -1
3002 2469 -1
3004 2470 -1
3005 2471 1983
3006 2472 2099
3007 2473 14452
3008 2474 952
3010 2475 11294
3011 2476 4686
3012 2477 9978
3013 2478 13401
3014 2479 6397
3015 2480 5154
3016 2481 11907
3017 2482 4766
3018 2483 11935
3019 2484 2323
3020 2485 6789
3021 2486 5808
3022 2487 203
3024 2488 4204
3025 2489 10796
3028 2490 479
3029 2491 11549
3030 2492 13781
3031 2493 2486
3032 2494 14092
3033 2495 14278
3034 2496 10724
3035 2497 7533
3036 2498 1926
3037 2499 10957
3038 2500 13889
3039 2501 3817
3040 2502 11426
3041 2503 459
3042 2504 3845
3043 2505 7876
3044 2506 7313
3045 2507 1202
3046 2508 7694
3047 2509 -1
3048 2510 7827
3049 2511 9696
3050 2512 4351
3051 2513 2114
3052 2514 14192
3053 2515 13505
3054 2516 -1
3055 2517 13567
3058 2518 5590
3060 2519 3705
3061 2520 4290
3062 2521 1322
3063 2522 9391
3064 2523 -1
3066 2524 6799
3067 2525 2594
3068 2526 8001
3069 2527 12458
3070 2528 -1
3071 2529 9277
3072 2530 12840
3073 2531 13432
3074 2532 12516
3075 2533 -1
3076 2534 4546
3077 2535 -1
3078 2536 11735
3079 2537 1408
3081 2538 3836
3082 2539 11690
3083 2540 7993
3086 2541 -1
3087 2542 14633
3088 2543 7073
3089 2544 -1
3090 2545 12193
3091 2546 7535
3092 2547 -1
3093 2548 10058
3094 2549 1651
3095 2550 -1
3096 2551 -1
3097 2552 2022
3098 2553 13860
3099 2554 5129
3100 2555 2601
3101 2556 6969
3102 2557 12217
3103 2558 13798
3104 2559 10421
3105 2560 1032
3106 2561 8479
3107 2562 807
3108 2563 3735
3109 2564 9882
3110 2565 9449
3111 2566 9735
3112 2567 8323
3113 2568 3776
3114 2569 9171
3115 2570 3662
3116 2571 -1
3117 2572 5138
3118 2573 9501
3120 2574 5430
3121 2575 -1
3122 2576 -1
3124 2577 8830
3125 2578 9860
3127 2579 3164
3128 2580 2903
3129 2581 5010
3130 2582 10473
3132 2583 2401
3133 2584 13651
3134 2585 -1
3135 2586 6133
3137 2587 7350
3138 2588 4552
3139 2589 -1
3141 2590 4883
3142 2591 -1
3143 2592 8542
3144 2593 5766
3145 2594 12369
3146 2595 2047
3147 2596 1120
3148 2597 9355
3150 2598 5902
3152 2599 12649
3153 2600 3434
3155 2601 954
3156 2602 8535
3157 2603 2948
3158 2604 -1
3159 2605 1028
3160 2606 7064
3161 2607 1440
3162 2608 9563
3163 2609 2424
3165 2610 8908
3167 2611 2993
3168 2612 7019
3169 2613 10128
3171 2614 -1
3173 2615 4515
3174 2616 10207
3175 2617 5485
3176 2618 12215
3177 2619 12435
3178 2620 12134
3179 2621 579
3180 2622 1173
3181 2623 13142
3182 2624 6351
3183 2625 13995
3185 2626 8524
3186 2627 9645
3188 2628 -1
3189 2629 5339
3190 2630 11584
3192 2631 -1
3194 2632 4736
3196 2633 8048
3197 2634 6613
3198 2635 6821
3199 2636 4493
3200 2637 12819
3201 2638 9085
3203 2639 2242
3204 2640 7631
3206 2641 7901
3208 2642 11094
3210 2643 8737
3211 2644 7522
3213 2645 6847
3214 2646 11430
3215 2647 9421
3217 2648 -1
3218 2649 1228
3219 2650 13671
3221 2651 2126
3222 2652 9774
3223 2653 6148
3224 2654 11031
3225 2655 7275
3230 2656 10930
3235 2657 -1
3238 2658 5325
3239 2659 12041
3240 2660 13011
3241 2661 -1
3243 2662 12142
3244 2663 4005
3246 2664 8838
3247 2665 11573
3248 2666 11384
3249 2667 12155
3250 2668 -1
3251 2669 11439
3252 2670 1947
3253 2671 13738
3254 2672 9300
3255 2673 8731
3256 2674 6355
3257 2675 9673
3258 2676 639
3259 2677 11757
3260 2678 4633
3261 2679 14620
3262 2680 6863
3263 2681 11933
3264 2682 5178
3265 2683 13277
3266 2684 -1
3267 2685 4940
3268 2686 5905
3269 2687 7250
3270 2688 2429
3271 2689 9346
3272 2690 9397
3273 2691 2184
3274 2692 6839
3275 2693 11957
3276 2694 4155
3281 2695 -1
3282 2696 8883
3283 2697 12025
3284 2698 12256
3285 2699 3360
3286 2700 7040
3287 2701 1088
3289 2702 -1
3296 2703 1771
3298 2704 10751
3299 2705 6718
3300 2706 12244
3301 2707 12691
3302 2708 11316
3304 2709 14595
3306 2710 14435
3307 2711 10680
3308 2712 5542
3309 2713 2599
3310 2714 12856
3311 2715 8269
3313 2716 5385
3316 2717 10114
3317 2718 2544
3318 2719 10184
3319 2720 8083
3320 2721 -1
3324 2722 5134
3325 2723 38
3326 2724 3752
3327 2725 9185
3328 2726 7374
3329 2727 7491
3330 2728 3751
3331 2729 1183
3333 2730 3970
3334 2731 14275
3335 2732 -1
3338 2733 9830
3339 2734 779
3340 2735 5615
3341 2736 2936
3342 2737 6362
3343 2738 1359
3344 2739 7500
3345 2740 10147
3347 2741 1295
3349 2742 -1
3350 2743 1256
3351 2744 -1
3354 2745 6634
3355 2746 9404
3357 2747 1010
3358 2748 5681
3359 2749 12224
3360 2750 8439
3361 2751 6909
3362 2752 14046
3363 2753 2836
3364 2754 8247
3365 2755 13106
3366 2756 9971
3367 2757 4961
3368 2758 7193
3370 2759 11891
3371 2760 14413
3372 2761 14053
3374 2762 970
3375 2763 11303
3379 2764 3693
3384 2765 4728
3385 2766 12021
3386 2767 7284
3387 2768 10429
3388 2769 14351
3389 2770 -1
3390 2771 3353
3391 2772 4718
3392 2773 13512
3393 2774 13749
3394 2775 14558
3395 2776 13390
3396 2777 13048
3397 2778 1114
3398 2779 8236
3399 2780 13513
3400 2781 6283
3401 2782 134
3402 2783 845
3403 2784 8848
3404 2785 8722
3405 2786 2645
3406 2787 5991
3408 2788 13686
3409 2789 10258
3412 2790 12399
3414 2791 13822
3415 2792 -1
3416 2793 -1
3417 2794 7544
3418 2795 -1
3419 2796 8324
3420 2797 13114
3421 2798 4385
3422 2799 12862
3423 2800 -1
3424 2801 7402
3425 2802 11335
3426 2803 2788
3427 2804 10259
3428 2805 11882
3429 2806 -1
3430 2807 3177
3431 2808 1290
3432 2809 3096
3433 2810 4397
3434 2811 681
3435 2812 5941
3436 2813 7618
3437 2814 2520
3438 2815 14637
3439 2816 11258
3440 2817 14556
3441 2818 11976
3442 2819 8564
3444 2820 187
3445 2821 4029
3446 2822 11075
3447 2823 7553
3448 2824 4097
3449 2825 3717
3450 2826 4631
3451 2827 3922
3452 2828 3745
3453 2829 8878
3454 2830 5861
3456 2831 -1
3457 2832 1718
3459 2833 12346
3461 2834 14281
3462 2835 10218
3463 2836 6156
3464 2837 8187
3465 2838 4503
3466 2839 1996
3467 2840 12851
3468 2841 8551
3469 2842 13718
3470 2843 9982
3471 2844 10627
3473 2845 5119
3474 2846 -1
3475 2847 4861
3476 2848 2998
3477 2849 14204
3478 2850 13198
3479 2851 12366
3480 2852 13049
3481 2853 6140
3483 2854 3883
3484 2855 10356
3486 2856 5410
3487 2857 12501
3488 2858 14432
3489 2859 7613
3490 2860 1917
3491 2861 10980
3492 2862 7597
3494 2863 13588
3495 2864 12888
3496 2865 11132
3497 2866 6414
3498 2867 708
3499 2868 6739
3500 2869 3837
3501 2870 5584
3502 2871 11675
3503 2872 -1
3504 2873 7452
3505 2874 11593
3506 2875 12889
3507 2876 5817
3508 2877 8336
3509 2878 4254
3510 2879 6142
3511 2880 14228
3512 2881 5302
3513 2882 108
3514 2883 12813
3515 2884 9989
3516 2885 6716
3518 2886 6989
3519 2887 9903
3520 2888 7690
3521 2889 -1
3524 2890 1889
3525 2891 11756
3526 2892 10738
3527 2893 3765
3528 2894 10357
3529 2895 1621
3531 2896 300
3532 2897 -1
3534 2898 8502
3535 2899 8670
3536 2900 11934
3537 2901 4934
3538 2902 -1
3539 2903 4538
3540 2904 12973
3543 2905 14412
3544 2906 6436
3545 2907 12485
3546 2908 -1
3547 2909 862
3548 2910 1165
3549 2911 10236
3550 2912 2087
3551 2913 427
3552 2914 10144
3553 2915 6635
3554 2916 -1
3555 2917 764
3556 2918 3962
3557 2919 8188
3559 2920 7577
3562 2921 12992
3563 2922 4456
3564 2923 399
3565 2924 6523
3566 2925 11507
3567 2926 5673
3568 2927 -1
3569 2928 -1
3570 2929 11565
3571 2930 12921
3572 2931 3984
3573 2932 10993
3574 2933 -1
3576 2934 953
3577 2935 -1
3578 2936 10728
3579 2937 4626
3580 2938 2939
3581 2939 8779
3584 2940 583
3585 2941 12512
3586 2942 4282
3587 2943 4937
3588 2944 12929
3590 2945 14583
3591 2946 7572
3593 2947 13124
3594 2948 4693
3596 2949 4713
3597 2950 8884
3598 2951 3474
3599 2952 12505
3600 2953 9711
3602 2954 4927
3604 2955 10854
3605 2956 11668
3606 2957 13499
3608 2958 404
3610 2959 733
3611 2960 4388
3612 2961 61
3613 2962 2887
3614 2963 2691
3615 2964 10501
3616 2965 12559
3617 2966 9534
3618 2967 14694
3619 2968 3120
3620 2969 5096
3622 2970 9728
3623 2971 10743
3624 2972 4193
3625 2973 8198
3626 2974 -1
3627 2975 -1
3628 2976 10647
3629 2977 -1
3632 2978 6373
3633 2979 4059
3634 2980 5982
3635 2981 9630
3637 2982 -1
3638 2983 1631
3639 2984 3341
3640 2985 14168
3642 2986 -1
3643 2987 1270
3644 2988 1885
3645 2989 -1
3646 2990 13293
3649 2991 2106
3653 2992 11463
3654 2993 7709
3655 2994 -1
3658 2995 6553
3659 2996 -1
3660 2997 1982
3661 2998 6174
3662 2999 9316
3663 3000 4053
3664 3001 10136
3665 3002 13457
3667 3003 7707
3668 3004 5784
3669 3005 2528
3670 3006 12489
3671 3007 12547
3672 3008 625
3673 3009 11617
3674 3010 10590
3675 3011 194
3676 3012 9491
3677 3013 13685
3678 3014 13249
3679 3015 7294
3680 3016 12530
3681 3017 13361
3682 3018 14676
3683 3019 8920
3684 3020 3508
3685 3021 8790
3686 3022 10813
3688 3023 6143
3689 3024 13200
3690 3025 7891
3691 3026 400
3692 3027 11020
3693 3028 8538
3694 3029 3911
3695 3030 3347
3696 3031 3551
3697 3032 7630
3698 3033 8517
3699 3034 11793
3700 3035 -1
3701 3036 9793
3702 3037 1677
3703 3038 -1
3704 3039 7960
3705 3040 13120
3706 3041 5603
3707 3042 -1
3708 3043 11989
3709 3044 10050
3710 3045 1597
3711 3046 3603
3712 3047 3356
3713 3048 6746
3714 3049 10492
3715 3050 13695
3716 3051 9212
3717 3052 8871
3718 3053 5212
3719 3054 2503
3720 3055 14415
3721 3056 3179
3723 3057 174
3724 3058 10700
3725 3059 8700
3726 3060 9046
3727 3061 -1
3728 3062 1586
3729 3063 4363
3730 3064 1608
3731 3065 550
3732 3066 3880
3733 3067 649
3734 3068 13404
3735 3069 10814
3736 3070 -1
3737 3071 7121
3738 3072 3697
3739 3073 9136
3740 3074 12245
3741 3075 12988
3742 3076 -1
3743 3077 1606
3744 3078 8639
3745 3079 10089
3746 3080 -1
3747 3081 2294
3749 3082 -1
3751 3083 6146
3752 3084 -1
3753 3085 6779
3754 3086 6588
3755 3087 9303
3756 3088 8705
3757 3089 10853
3758 3090 14608
3759 3091 13733
3760 3092 11814
3761 3093 -1
3763 3094 11543
3764 3095 -1
3765 3096 2750
3766 3097 10560
3767 3098 6324
3768 3099 8777
3769 3100 1149
3770 3101 14328
3771 3102 7546
3773 3103 11495
3774 3104 9422
3775 3105 11397
3776 3106 871
3777 3107 9217
3780 3108 -1
3781 3109 13916
3782 3110 14394
3783 3111 3233
3784 3112 568
3785 3113 2967
3786 3114 13348
3787 3115 -1
3788 3116 12406
3789 3117 2277
3790 3118 12365
3791 3119 11551
3792 3120 7670
3793 3121 8526
3794 3122 4046
3795 3123 12157
3796 3124 -1
3797 3125 -1
3798 3126 318
3799 3127 -1
3801 3128 14123
3802 3129 3013
3804 3130 5476
3805 3131 642
3806 3132 12615
3807 3133 8314
3808 3134 6168
3809 3135 8695
3810 3136 5592
3811 3137 11520
3812 3138 4527
3813 3139 7571
3814 3140 4963
3816 3141 -1
3817 3142 -1
3819 3143 14003
3820 3144 10967
3821 3145 1691
3822 3146 -1
3823 3147 6788
3824 3148 1579
3825 3149 1872
3826 3150 5906
3827 3151 7292
3830 3152 7702
3831 3153 12047
3832 3154 -1
3833 3155 -1
3834 3156 2920
3835 3157 1939
3836 3158 6681
3837 3159 8378
3838 3160 3380
3839 3161 7568
3840 3162 4882
3841 3163 8901
3843 3164 10095
3844 3165 4789
3845 3166 13705
3846 3167 1871
3847 3168 4055
3848 3169 1009
3849 3170 10652
3850 3171 -1
3851 3172 11730
3852 3173 9628
3853 3174 7848
3854 3175 -1
3855 3176 -1
3857 3177 2950
3858 3178 7710
3859 3179 10233
3860 3180 12470
3861 3181 12283
3862 3182 3766
3863 3183 9611
3864 3184 -1
3865 3185 1777
3867 3186 -1
3868 3187 3129
3869 3188 -1
3870 3189 -1
3871 3190 7127
3872 3191 4443
3873 3192 2168
3874 3193 4286
3877 3194 2081
3878 3195 608
3879 3196 14185
3880 3197 -1
3882 3198 12059
3883 3199 14572
3884 3200 8717
3885 3201 511
3886 3202 11283
3889 3203 5052
3892 3204 -1
3893 3205 5461
3894 3206 12408
3895 3207 2138
3896 3208 14379
3897 3209 12097
3898 3210 2203
3900 3211 10251
3901 3212 11452
3902 3213 -1
3903 3214 559
3906 3215 -1
3908 3216 5280
3909 3217 6983
3910 3218 9450
3911 3219 10006
3912 3220 7969
3913 3221 885
3914 3222 10666
3915 3223 6923
3916 3224 14128
3917 3225 14191
3918 3226 1332
3919 3227 3100
3920 3228 3815
3921 3229 2215
3922 3230 11794
3923 3231 12616
3924 3232 10238
3925 3233 1482
3926 3234 13835
3927 3235 2119
3928 3236 892
3929 3237 11276
3930 3238 12689
3931 3239 -1
3932 3240 10682
3933 3241 -1
3934 3242 14315
3935 3243 -1
3936 3244 7542
3937 3245 11193
3938 3246 12241
3939 3247 14443
3940 3248 11355
3941 3249 12729
3942 3250 6732
3943 3251 4330
3945 3252 11106
3946 3253 6900
3947 3254 2792
3948 3255 10264
3949 3256 5623
3950 3257 2448
3951 3258 195
3952 3259 -1
